1121
1858
2033
1930
1946
2007
1928
1841
1763
1752
1728
1654
1702
1589
1555
1451
1475
1469
1534
1475
1383
1416
1399
1419
1422
1295
1345
1249
1238
1259
1220
1182
1119
1186
1127
1082
1136
1169
1078
1138
1080
1033
1014
1075
1006
1057
1048
1081
1077
1104
1067
1104
1102
1055
1038
1014
989
1055
1022
989
1007
957
998
1030
935
1041
980
949
938
933
896
905
990
903
951
903
929
943
897
895
872
941
902
916
865
842
821
809
921
881
889
879
866
866
786
872
866
855
835
909
832
857
929
965
907
852
868
854
866
923
826
832
843
843
845
868
895
857
918
863
896
879
889
846
884
863
832
811
843
873
805
834
845
835
797
862
864
790
811
790
818
848
878
909
935
905
861
900
838
758
828
784
816
772
866
804
846
827
860
828
866
821
872
786
808
825
850
846
799
824
827
815
804
785
777
779
716
711
786
775
714
744
806
749
745
711
744
747
749
759
751
802
774
793
779
730
776
741
729
735
742
756
770
730
749
762
685
788
828
799
698
750
841
825
799
797
740
788
773
804
703
742
734
731
735
805
748
780
775
816
695
715
716
698
688
784
806
775
785
716
694
719
712
692
739
730
729
679
737
745
729
720
729
730
648
666
682
728
700
737
672
687
701
688
719
724
716
761
669
714
687
711
734
686
691
675
652
676
653
704
694
694
665
698
671
684
669
712
719
747
762
715
756
725
706
696
726
651
739
622
726
659
697
674
660
695
692
699
707
713
687
651
681
682
670
704
643
641
668
655
685
690
708
613
645
661
690
680
632
719
740
737
738
709
742
780
716
784
756
679
651
694
699
730
699
639
671
678
661
682
712
726
752
769
719
744
715
737
751
732
699
695
708
667
700
687
690
729
699
701
693
616
687
625
584
649
629
607
639
595
570
608
599
588
607
602
585
599
610
610
650
654
603
597
616
680
658
667
618
620
658
601
650
668
626
652
624
682
642
673
589
703
702
765
714
787
740
768
765
742
697
729
670
725
614
676
678
635
629
656
622
691
650
691
670
614
628
558
624
652
566
618
598
573
639
645
658
666
685
602
664
668
645
615
639
592
588
637
648
679
691
620
651
624
638
614
647
667
646
666
679
719
681
745
704
667
679
662
709
691
685
654
687
598
590
656
598
586
646
563
586
614
661
586
570
564
598
555
644
662
650
672
675
624
606
613
595
630
605
562
679
610
703
642
705
628
607
606
568
591
633
605
681
593
571
561
574
624
623
599
622
651
609
629
629
655
645
649
618
675
624
639
607
606
593
612
596
643
602
595
533
605
584
602
572
580
624
568
575
647
618
636
625
630
620
581
580
600
571
609
586
562
607
645
584
597
555
592
580
586
623
640
575
617
605
560
597
571
586
627
632
653
636
578
599
616
563
609
612
583
630
594
685
641
655
670
586
615
654
709
746
779
663
742
717
721
698
613
673
669
686
677
654
644
649
667
659
672
689
668
616
660
628
627
678
653
651
665
650
693
747
663
733
643
732
703
695
736
700
688
691
746
699
737
652
641
612
585
597
658
653
603
619
621
701
670
636
669
648
690
634
660
645
665
633
617
607
626
626
616
617
639
580
586
630
603
634
695
680
711
736
728
683
704
739
678
712
702
742
737
688
688
692
676
715
674
693
711
708
667
713
717
705
776
691
645
628
670
642
675
613
731
683
644
675
677
715
750
686
661
659
708
639
634
616
680
694
679
677
654
704
767
673
697
688
703
677
674
667
714
714
704
708
666
689
710
674
693
721
690
628
683
634
606
611
659
661
635
678
658
659
678
669
673
652
619
741
685
637
662
620
635
580
643
664
616
604
659
650
647
655
655
638
659
623
654
598
626
632
562
554
534
569
595
572
522
556
563
562
595
632
613
540
598
630
600
634
627
618
626
630
652
597
630
680
652
700
643
633
677
695
654
637
711
689
622
667
696
653
647
643
683
686
712
718
688
708
628
585
588
575
618
697
643
658
600
638
579
591
547
553
618
643
592
636
636
636
702
663
784
763
706
710
694
703
724
667
671
682
715
674
669
652
673
683
615
652
638
679
682
667
685
681
635
630
654
643
701
744
710
765
724
666
685
648
659
666
674
724
690
689
679
655
638
619
611
612
625
656
657
700
614
671
622
626
570
690
651
661
672
693
639
682
695
694
713
734
758
745
704
776
733
759
772
742
797
723
668
652
690
616
629
660
678
721
691
736
689
665
652
623
608
714
711
751
829
830
826
849
790
779
771
775
725
705
692
736
716
679
733
774
702
685
737
689
755
775
770
806
710
804
796
711
676
770
710
723
674
758
972
