82
77
68
69
84
68
77
77
70
87
69
82
84
70
89
80
80
86
88
58
77
75
77
89
77
85
79
79
79
94
74
68
68
77
66
77
76
89
73
81
62
77
78
89
66
86
71
86
94
81
66
68
76
65
84
78
81
90
75
88
81
81
90
98
77
71
80
79
80
62
70
65
83
70
88
90
105
81
83
87
61
88
72
78
94
76
87
74
96
87
66
66
68
65
71
87
66
79
66
80
61
83
81
88
81
73
84
70
75
80
65
75
77
72
83
96
69
65
88
67
87
73
88
70
90
79
80
100
89
68
79
77
64
87
68
95
81
78
68
82
72
78
88
101
74
77
88
78
77
66
80
73
53
71
81
59
71
70
79
78
81
64
65
71
78
72
74
66
82
91
85
67
66
75
74
60
65
58
78
54
65
76
91
79
73
64
74
71
78
69
61
72
74
62
67
60
67
81
68
77
61
66
86
63
73
72
49
77
83
91
60
68
79
66
78
61
68
54
66
69
78
68
68
84
60
53
70
76
66
68
57
55
58
64
58
75
58
64
74
72
83
67
58
63
74
70
56
69
57
58
69
59
69
69
66
69
53
67
66
77
55
73
70
76
72
69
82
73
66
68
62
57
77
51
63
67
77
71
74
84
75
62
77
67
70
63
65
57
66
58
56
53
72
65
48
60
58
53
80
74
68
61
81
75
74
74
77
83
66
71
80
68
79
67
58
54
65
73
79
72
68
63
73
49
62
59
63
73
72
80
62
70
65
64
47
73
62
55
65
75
66
63
67
69
73
55
65
66
61
62
73
63
64
70
49
81
59
59
75
78
57
74
80
62
70
54
68
79
60
61
83
61
81
54
61
69
76
52
62
66
51
65
58
61
43
62
58
53
51
59
51
60
52
67
63
71
62
61
61
46
61
57
64
71
59
79
57
55
69
85
63
63
53
65
56
55
52
59
68
68
61
58
71
57
59
56
53
72
55
64
57
70
65
70
59
45
59
54
48
70
50
61
60
62
63
56
57
66
64
52
63
59
61
49
68
50
52
62
47
72
68
66
61
68
49
51
50
64
70
71
57
81
43
58
66
54
63
51
56
52
77
55
65
55
58
71
44
54
61
58
53
43
49
75
66
61
61
53
48
53
60
58
50
48
54
57
60
53
59
54
68
42
48
66
70
62
54
62
56
60
56
62
72
57
54
63
45
59
59
47
48
57
65
62
57
55
54
67
69
60
62
54
45
61
55
54
51
72
57
58
54
59
69
64
55
59
52
54
61
66
56
61
52
52
53
59
63
56
57
54
54
64
54
67
61
59
67
50
52
67
56
46
58
57
61
55
53
60
66
44
71
60
67
46
48
64
58
68
70
43
50
59
55
69
66
60
62
52
63
61
59
50
46
54
55
61
67
53
49
54
50
74
71
57
52
58
56
46
51
54
53
55
63
49
56
47
50
47
45
60
63
41
60
56
58
52
45
63
55
69
46
64
60
57
43
48
54
48
52
66
56
40
33
46
54
38
43
42
51
58
67
49
41
57
54
56
49
48
53
50
45
58
52
44
44
51
67
50
49
54
62
55
41
70
59
48
57
61
56
51
45
43
54
56
55
46
52
50
49
46
49
48
54
51
66
55
41
58
55
52
53
42
45
49
53
48
54
52
44
50
62
56
43
57
49
46
59
50
51
55
60
59
35
54
51
55
51
51
45
55
50
48
48
52
59
56
50
58
59
65
66
56
58
47
53
67
60
52
60
45
43
52
52
61
66
52
44
66
46
54
51
50
30
56
63
53
48
52
55
57
39
53
40
51
53
55
42
43
62
41
41
35
47
50
38
49
49
48
45
51
51
55
51
51
47
45
48
46
51
49
52
59
53
52
42
44
40
45
50
50
39
35
46
45
46
42
40
52
53
57
58
48
46
61
36
63
52
53
46
55
57
44
51
58
60
48
61
56
56
50
50
61
63
44
48
40
64
48
49
63
50
43
55
49
60
63
59
49
53
56
48
35
48
58
43
55
49
40
43
53
50
50
44
51
61
49
49
53
45
35
57
56
53
45
40
53
40
67
62
59
52
45
45
56
52
47
59
46
50
59
67
48
60
59
59
52
59
52
47
64
52
42
64
54
45
59
43
47
54
61
75
56
77
59
51
47
63
50
62
54
50
50
61
71
71
62
65
63
60
59
60
64
64
64
58
69
42
65
49
48
54
52
64
58
50
62
57
65
70
68
63
69
52
63
60
65
57
62
68
41
59
52
53
57
58
78
73
77
85
195
