169
261
325
325
341
367
332
292
285
294
299
294
294
264
253
247
245
246
244
211
206
208
228
214
180
174
193
185
195
196
178
193
186
204
188
183
214
195
178
199
205
169
170
178
154
186
152
149
140
151
177
162
184
138
144
128
125
128
135
140
144
126
116
122
127
149
134
140
143
129
133
116
140
122
118
117
122
123
130
117
135
134
140
133
110
108
108
111
106
126
107
118
118
107
93
107
112
104
107
119
102
88
94
138
123
108
111
122
111
105
112
108
106
102
91
108
118
108
109
112
105
104
119
109
105
89
108
99
109
112
109
119
110
125
95
99
99
87
121
98
114
110
108
93
104
98
101
131
111
100
109
101
97
109
107
93
100
104
121
112
102
107
114
91
95
94
127
124
100
114
108
117
107
117
102
121
95
103
106
113
83
99
97
95
88
95
100
93
96
93
91
98
101
98
102
74
116
80
95
82
86
70
83
71
81
87
74
95
87
94
87
80
106
88
84
81
95
99
92
85
79
93
94
91
104
113
89
98
101
121
103
105
123
110
82
124
118
104
114
93
87
85
93
74
88
100
84
80
83
85
86
90
111
101
72
91
101
115
96
104
96
78
97
72
99
94
84
94
81
107
81
106
90
97
102
84
76
94
98
89
100
106
106
96
97
113
89
112
92
102
90
88
95
104
85
87
109
101
104
92
111
115
111
99
91
100
100
91
96
95
76
87
94
89
81
92
90
83
77
93
114
90
101
92
98
107
99
91
80
87
86
96
99
85
81
89
94
118
118
96
80
90
95
101
101
84
94
81
102
101
79
96
95
91
105
120
111
98
122
92
82
113
95
83
97
116
89
98
83
105
73
100
96
79
94
105
83
85
84
95
63
90
79
82
96
79
70
80
76
88
87
82
85
82
73
93
95
109
85
88
96
89
87
92
98
87
72
104
98
77
69
89
89
87
66
72
69
85
82
86
76
83
52
82
81
83
72
82
74
59
80
94
90
93
104
87
99
84
98
101
95
84
83
79
84
76
104
113
125
99
88
103
86
87
96
96
105
85
98
111
115
96
106
83
87
106
87
110
117
114
118
142
154
160
134
155
113
110
116
111
93
120
105
90
86
100
76
90
100
93
80
96
113
104
86
87
97
109
142
142
143
127
127
113
101
104
110
108
101
92
105
85
115
98
126
80
94
83
74
72
69
75
97
80
66
64
68
64
68
63
70
75
65
83
75
69
74
75
71
74
82
85
73
83
84
78
77
93
95
87
75
72
77
79
89
77
88
72
62
98
83
89
103
78
92
85
82
92
69
71
91
103
84
98
91
88
92
79
95
81
83
80
58
68
86
74
68
68
81
84
87
84
84
85
67
84
88
91
88
80
104
79
79
75
85
89
75
85
85
86
86
103
67
97
97
79
76
63
77
81
72
76
76
84
92
84
106
88
87
106
82
87
91
93
114
91
88
88
101
105
115
104
91
82
90
108
98
103
111
108
97
99
111
119
102
121
97
91
100
121
120
99
98
96
93
103
99
99
98
118
110
100
85
97
100
102
100
102
95
101
108
116
118
104
123
129
115
112
117
89
95
119
106
88
103
79
90
79
105
97
85
101
94
80
84
102
94
106
106
91
89
77
81
81
87
76
77
99
76
90
83
88
90
82
90
77
87
107
100
92
74
87
99
81
78
72
73
55
73
80
77
92
57
81
69
81
70
83
70
70
72
68
81
71
68
80
81
88
88
98
78
95
97
79
99
80
90
78
84
93
81
88
91
92
86
65
93
94
82
92
83
95
87
87
109
93
90
84
83
92
90
96
88
101
82
95
88
97
85
84
88
88
93
81
112
82
72
81
81
96
102
82
102
94
119
95
99
110
88
81
90
91
88
96
68
89
115
88
78
74
91
87
87
98
89
88
99
84
111
86
82
98
90
95
113
78
99
94
79
80
74
82
109
85
76
67
71
63
70
49
76
82
72
65
65
77
61
76
79
79
71
83
68
65
74
82
79
67
67
71
74
72
77
67
87
63
69
77
62
85
67
81
84
72
61
70
58
73
68
80
68
74
68
86
91
83
86
90
108
90
91
102
98
103
114
102
109
99
106
96
103
99
105
103
92
93
107
95
128
129
111
109
107
114
101
101
108
107
96
94
103
89
106
93
76
98
84
79
87
93
75
73
79
89
87
75
84
79
85
79
71
66
90
84
90
87
89
81
85
91
85
85
98
91
88
83
111
105
92
91
113
94
91
90
87
96
93
97
91
104
104
125
127
104
132
116
105
68
93
134
