571
1174
1255
1186
1193
1175
1146
1078
1014
950
958
865
896
810
810
743
747
749
785
807
728
704
712
713
746
670
659
601
578
576
582
557
511
529
514
479
506
511
492
516
475
456
456
470
460
452
470
518
498
540
498
553
534
509
509
494
477
496
478
423
464
453
472
477
455
510
466
442
431
439
425
436
485
421
443
397
420
452
431
396
419
420
400
403
375
378
351
328
411
388
446
400
405
424
367
424
440
404
417
431
423
436
463
431
436
375
410
412
413
432
386
380
412
390
393
402
430
413
472
404
465
411
414
420
425
408
387
388
388
395
378
390
420
366
387
398
408
350
373
368
371
413
423
437
484
474
398
432
388
378
375
379
416
379
429
417
430
409
431
390
423
423
430
373
387
433
424
420
425
396
398
411
414
382
389
343
338
348
348
333
335
345
379
369
367
350
360
364
362
375
375
392
366
385
394
377
392
355
372
370
385
428
419
381
379
371
353
388
452
432
363
426
433
451
449
458
378
436
400
430
348
379
368
352
363
402
402
410
396
381
336
346
306
340
350
387
421
403
362
348
343
369
363
344
368
348
364
343
387
385
365
362
336
339
314
307
303
328
330
355
328
320
322
337
350
338
360
388
298
311
320
340
360
322
342
294
309
297
285
315
317
302
279
332
283
278
313
333
345
380
426
399
370
379
357
341
359
304
341
273
335
302
330
317
307
338
300
335
333
337
345
305
305
335
331
329
322
293
311
294
326
328
330
277
261
292
317
306
290
352
377
359
395
364
390
423
381
401
376
320
333
351
357
356
332
310
334
336
326
322
373
384
379
399
349
370
368
393
365
363
342
317
333
332
354
319
311
345
334
310
318
288
298
275
241
261
261
257
264
238
265
228
266
262
256
248
247
267
293
282
315
317
285
270
279
291
284
290
263
299
291
272
290
301
273
287
288
297
268
276
273
320
363
412
406
446
427
417
407
383
362
373
340
367
316
335
326
278
300
307
308
357
307
330
317
286
297
246
288
280
278
276
270
262
296
314
316
305
281
264
310
297
282
287
287
258
252
302
309
288
304
260
294
292
325
278
303
289
276
307
336
344
338
361
310
299
336
335
385
355
324
308
325
287
264
268
294
269
306
236
287
297
294
238
240
238
249
219
265
284
275
320
321
296
287
285
260
283
279
247
343
311
368
308
317
291
260
260
256
260
303
278
289
260
260
246
261
275
301
275
302
299
261
296
306
322
328
334
287
340
280
292
293
284
258
288
262
308
278
265
225
273
260
264
257
262
269
232
279
293
284
282
276
279
281
241
255
258
265
282
270
237
298
290
259
269
232
268
239
273
301
311
269
302
290
266
281
255
259
302
303
309
297
275
302
295
261
285
290
282
290
281
357
323
318
316
300
296
333
362
336
393
333
372
377
377
354
311
346
347
364
325
329
300
306
333
321
340
359
331
294
313
295
312
310
327
329
335
320
329
357
327
389
350
382
367
357
367
352
326
353
368
305
327
317
274
246
230
228
282
273
246
297
275
341
308
299
313
305
305
260
310
307
313
291
253
280
269
285
277
245
282
249
254
241
226
268
315
342
402
383
359
348
330
385
355
390
396
380
391
365
351
354
339
365
370
364
355
362
356
382
426
385
399
345
314
289
290
322
333
304
362
328
328
339
361
388
387
345
336
328
358
311
295
311
365
367
356
354
329
376
397
385
358
374
335
335
347
346
360
365
372
362
339
341
370
370
350
355
318
296
313
301
278
291
300
323
328
335
327
334
347
345
334
313
295
349
316
300
302
282
272
264
290
305
290
297
328
346
325
324
322
325
309
293
316
301
294
293
270
255
252
258
262
255
225
266
255
275
277
300
277
223
260
262
264
293
305
283
303
288
290
256
286
329
324
345
333
331
333
349
347
307
386
369
309
339
360
305
323
297
359
356
389
383
361
354
298
275
274
258
271
318
292
330
303
291
284
261
231
267
268
275
266
318
324
328
350
352
424
441
377
383
388
385
395
342
369
376
400
361
372
342
350
338
321
348
312
351
342
368
346
349
319
305
338
335
370
413
400
410
394
350
360
331
325
318
338
337
339
355
347
343
298
290
290
268
304
311
326
334
290
305
296
276
260
340
303
307
267
298
287
301
322
354
347
372
382
396
364
387
360
375
409
394
430
374
362
300
336
321
309
321
314
343
348
353
324
302
332
273
283
324
331
366
450
462
404
480
419
413
392
382
350
315
318
310
304
277
316
337
303
274
332
280
317
323
345
328
324
347
330
281
297
352
305
337
321
325
264
