299
346
385
350
328
397
373
394
394
421
402
413
428
445
403
381
403
388
417
399
372
429
382
403
419
366
414
384
386
393
386
364
354
376
359
343
340
374
335
342
338
331
310
338
326
333
355
328
345
332
326
321
308
343
301
314
306
341
334
338
318
297
320
333
276
311
300
288
284
303
268
288
282
290
302
299
282
287
253
295
257
299
290
302
286
280
275
296
308
280
270
295
275
270
255
254
248
268
245
279
246
250
291
308
267
296
263
250
267
306
263
269
248
279
278
262
278
271
249
280
239
291
268
247
264
287
257
224
257
298
239
248
251
257
247
270
276
275
249
242
261
247
259
278
273
256
274
259
262
214
264
231
250
213
249
235
245
244
229
248
260
227
263
251
248
226
225
236
192
223
236
220
217
211
212
255
218
202
254
275
231
224
239
206
217
202
210
219
213
222
224
240
233
248
216
219
201
225
194
206
210
192
182
215
216
232
209
228
206
182
188
176
223
220
188
197
199
199
215
220
198
202
204
204
208
237
187
196
212
246
199
209
229
184
198
198
209
204
235
203
181
198
198
211
209
212
225
187
210
217
209
209
213
221
196
199
225
218
208
201
193
216
212
203
198
223
190
206
224
228
224
208
207
216
184
230
190
214
196
216
202
224
203
203
221
230
202
210
216
207
190
175
219
177
216
208
200
193
214
183
212
181
175
183
188
183
215
190
212
210
186
191
203
191
200
229
166
192
201
196
177
209
204
195
224
203
211
210
190
200
215
212
179
196
224
195
179
210
197
188
172
190
180
204
193
190
178
195
172
197
187
183
214
209
216
173
177
187
189
199
218
191
200
190
179
198
222
207
222
225
219
167
212
217
188
214
209
213
229
196
191
225
196
183
212
213
210
199
190
181
197
195
181
178
201
225
217
207
209
187
210
183
209
204
196
199
207
226
207
235
184
231
197
201
186
214
192
207
208
205
198
215
207
219
158
202
227
203
200
226
177
170
188
198
190
196
173
174
190
201
143
197
185
170
196
199
181
182
215
187
203
209
216
192
188
188
179
188
194
208
204
198
190
181
177
179
207
204
183
174
168
152
146
166
194
159
167
166
152
173
191
171
192
166
182
217
184
173
179
176
166
178
205
169
178
178
191
174
189
183
172
167
177
167
164
167
165
186
166
169
163
172
172
170
192
195
199
201
182
199
205
190
223
196
191
188
200
226
195
214
202
220
218
188
191
209
189
173
191
201
200
208
196
178
196
192
206
170
172
185
179
201
178
195
171
182
215
210
173
190
195
204
194
221
194
196
180
194
180
202
171
158
171
190
173
181
164
195
194
165
183
203
190
190
168
165
195
188
180
197
171
200
188
172
182
173
156
165
164
178
186
175
194
174
186
205
149
182
173
200
265
233
217
219
188
204
201
186
201
187
200
202
178
203
199
192
176
198
192
177
187
205
179
173
198
188
184
195
184
199
212
191
193
155
202
176
195
203
182
185
195
215
223
234
190
198
215
216
217
189
204
218
191
204
213
221
195
215
194
209
197
201
212
198
188
206
178
207
193
188
219
183
161
184
222
197
184
218
172
166
196
195
188
216
192
196
175
166
201
198
193
193
190
201
211
156
183
200
191
174
193
166
185
245
193
200
221
223
189
200
173
239
220
185
193
191
186
204
197
183
195
207
186
201
178
197
195
218
199
190
191
219
196
204
194
232
221
193
206
229
227
216
217
204
221
204
173
197
219
209
188
219
178
202
168
212
188
177
199
193
201
191
181
186
187
207
255
209
209
214
204
218
199
210
187
180
169
195
166
173
202
184
185
198
195
188
167
192
192
167
170
159
171
202
167
166
169
179
161
171
179
199
164
193
202
196
194
166
196
193
200
212
200
196
241
195
200
177
174
220
216
185
197
182
185
183
189
200
184
181
206
178
194
167
186
186
203
183
185
179
186
221
219
208
192
182
215
176
204
217
160
207
233
217
205
195
183
228
183
218
201
203
204
192
184
184
187
186
186
188
191
190
185
198
215
176
186
209
223
202
182
208
204
193
203
197
201
205
218
195
230
200
195
194
186
198
222
179
217
202
191
185
169
181
163
172
176
176
189
176
196
177
201
164
199
165
184
201
179
212
232
201
210
205
194
206
211
222
199
185
211
228
201
211
221
222
202
177
203
207
170
197
199
204
220
206
234
223
218
182
219
195
236
232
237
223
237
276
235
232
227
242
231
226
252
229
258
242
240
258
261
236
268
252
262
277
302
266
319
241
294
289
250
218
228
211
208
208
255
379
