排名：79
网址：https://www.bilibili.com/video/av26543520
更新时间：07-21
弹幕总量：1026
preciseTime    ofTime          comment
0.494          1532032667.0    支咐宝首頁捜索“86OO14”真的别谢我
0.598          1531939892.0    我只弹1433223
0.898          1531948019.0    前排友情提示:建议关闭弹幕，以获得最佳观看体验(保智商)
1.11           1531974531.0    关弹幕保智商
1.21           1531960574.0    刷王者荣耀的消停会不是人人都玩这游戏
2.042          1531884237.0    我以为是大鱼呢……
2.649          1531883476.0    请屏蔽1433223
2.79           1532107271.0    还跑片头刷来了
2.839          1531973299.0    大鱼！
3.078          1531976794.0    大鱼？
3.291          1531882963.0    不要争了我的53231323才是无敌的
3.608          1532077190.0    你可以试一下143a32a23
3.981          1531889575.0    破
5.202          1531941104.0    哈哈哈哈哈哈哈1433223
5.43           1532145293.0    1433223
5.666          1531972883.0    1433223
7.689          1531884755.0    1433223
8.704          1531967421.0    妈呀前奏有点像大鱼
8.917          1531907218.0    1433223
9.2            1531893706.0    感谢红字提醒
9.478          1531933867.0    以为是大鱼的等等我！
10.273         1531977996.0    1433223
10.826         1531907232.0    1433223.1433223.1433223
10.867         1531962578.0    。nn
11.201         1532139499.0    不懂音乐就别骂刷1433223的
11.229         1531974786.0    湖南伢没错了
11.602         1531989554.0    魔音赛道星推官了解一下
12.102         1531977701.0    大鱼？？？？？？？？？？？？？？？？？？？？
12.185         1531894476.0    1433223是元歌扒
12.933         1531977875.0    莫名想到华晨宇。😄
13.001         1531990548.0    1433223
13.119         1531897882.0    /1433223/
13.741         1531953294.0    我想学钢琴，现在就差钢琴了
14.058         1531907240.0    14332231433223
14.21          1531907958.0    感谢红字提醒
14.279         1531976696.0    我以为大鱼
15.16          1531903385.0    1433223那个你过来
15.242         1531895758.0    1433223
15.249         1531982975.0    1433223
15.509         1531988385.0    1433223
15.603         1531962286.0    明日之子离人愁，了解一下
15.722         1531987905.0    1433223
15.828         1531964522.0    3
16.124         1531940180.0    1433223
16.341         1531986591.0    1433233
16.369         1531897621.0    1433223的服了
16.679         1531969168.0    1433223元歌？
16.904         1531893860.0    53231323
16.976         1531963686.0    1433223
17.215         1531965019.0    1433223
17.277         1531977956.0    53231323
17.661         1531986596.0    1433233
17.72          1531899345.0    1433223
18.267         1531884262.0    1433223
18.275         1531963741.0    53231323…对不起走错了
18.771         1531898787.0    1433223
18.98          1531907252.0    1433223
19.061         1531986600.0    1433233
19.11          1531882976.0    1433223
19.411         1531981533.0    1433223
19.496         1531993380.0    哈哈哈哈哈哈哈哈哈哈
20.061         1531986661.0    我也以为是大鱼
20.103         1531927462.0    一首元歌
20.381         1531986605.0    1433233
20.525         1531969744.0    1433223
20.605         1531883457.0    抖音水军一直刷。。。
20.991         1531907258.0    1433223
21.413         1531954670.0    23333试图混入
21.429         1531988391.0    1433223
21.799         1531894542.0    1433223
22.021         1531936141.0    1433223
22.182         1531893827.0    弹幕关键词屏蔽就好，不用跟王者狗BB
22.397         1531976049.0    我还以为是大鱼
22.454         1531889160.0    1433223
22.476         1532097792.0    超级小杰？
22.614         1531894366.0    你们这些刷某游戏的不恶心吗
22.642         1531907273.0    1433223的元哥是真的强
22.654         1531940186.0    很流行
22.691         1531970842.0    132a2a2aa
23.612         1531885297.0    1433223
23.878         1531893602.0    大仙元歌打法1433223
24.402         1531984530.0    114514
24.773         1531891551.0    132a2a2aa
25.043         1532104071.0    前奏是默
25.4           1531955288.0    默吧
25.597         1531899454.0    1433223
26.231         1531966306.0    2333333
26.298         1531957872.0    1433233
26.502         1531894522.0    湖南口音
26.56          1531972821.0    3832414122
26.765         1531965006.0    1433233
26.903         1531985034.0    77777777777777
27.357         1531988397.0    1433223
27.68          1531888910.0    1433223
27.716         1531993519.0    不是大仙原创 原创呆阿拿谢谢
27.721         1531939501.0    1433223一日三餐饿两餐
27.8           1531984881.0    哈哈哈哈哈哈哈哈哈2314aaa
28.293         1531894038.0    你们在说啥
28.359         1531947316.0    810
28.74          1532004843.0    ...
28.916         1531940192.0    1433223
29.084         1531975358.0    356356562421
29.087         1532101389.0    刷王者的请注意一下好吗
29.164         1531894538.0    1433223
29.199         1531964202.0    63231323，53231323
29.382         1531989004.0    233333333怎么说
29.421         1531891546.0    1433223你们够了，我买了元歌不练就光听见你们1433223了
29.53          1531978193.0    什么意思？
29.541         1531986618.0    1433233
29.593         1531981519.0    1433223
29.718         1531974779.0    1332234
29.74          1531963698.0    1433223
29.847         1531888037.0    1433223
30.41          1531883824.0    1433223
30.424         1531969390.0    1433223   1433223   1433223  1433223
30.626         1531895142.0    1433223
30.8           1531979927.0    1433223的等我
30.84          1531987219.0    2333333
30.862         1531899435.0    首望 L6X蓝牙耳机头戴式无线游戏运动型跑步耳麦电脑手机通用插卡音乐重低音超长待机可接听电话
30.939         1531902963.0    1433223没错了
31.075         1531883373.0    12345678
31.114         1531969760.0    1433223
31.164         1531896147.0    吉他的53231323
31.204         1531890663.0    666
31.207         1531980847.0    2333333
31.208         1531989479.0    1433223
31.362         1531996349.0    1433223
31.432         1531980840.0    43967777(ಡωಡ) 
32.085         1531886986.0    132a2a2aa
32.226         1531966315.0    2333333
32.39          1531895157.0    1433223
32.558         1532077233.0    1433223是王者荣耀新英雄远哥连招
33.23          1531989482.0    6717137
33.334         1531979667.0    1433223
33.37          1531976998.0    223123431234321
33.533         1531988403.0    1433223
33.752         1531979806.0    53251323
33.999         1531882993.0    53231323无敌和弦
34.424         1531940198.0    1433223
34.434         1531895166.0    10086
34.745         1531982263.0    1433223
34.897         1531974772.0    1433223
34.922         1531969805.0    132A2A2AA
34.947         1531896035.0    有有有有有
35.264         1531892206.0    1433223是啥
35.702         1531975720.0    2323233
35.711         1531891505.0    总是不走寻常路
35.721         1531908036.0    哈哈哈哈洗脑了
35.73          1531971655.0    1433223
35.783         1531965320.0    1433223
36.259         1531988358.0    1433223
36.294         1531971967.0    路转粉~
36.742         1531965339.0    你的4564已经被我识破了！
37.059         1532004865.0    好了，看视频
37.101         1531972889.0    1433223
37.596         1531894405.0    233333真的很好听
37.65          1531993483.0    1433223
37.916         1532148141.0    114514
38.279         1531966753.0    1433223
38.381         1531896784.0    1433223
38.637         1531891183.0    感觉流行歌都是垃圾 辣鸡
38.722         1531888543.0    1433223
39.241         1531897318.0    薛之谦的很多歌都很像
39.266         1531989148.0    1433223
39.474         1531988410.0    1433223
39.531         1531890033.0    对！
39.571         1531885312.0    1433223
39.845         1531992261.0    1433223
40.639         1531886652.0    1433223
40.754         1531966330.0    10086
40.96          1531980309.0    114514
41.159         1531958352.0    emmmm真的是这样
41.277         1531933907.0    1433223
41.602         1531963710.0    1433223
41.718         1531989154.0    1433223
41.721         1531958879.0    38324 14122？
41.873         1531974573.0    95271834712
42.181         1531970111.0    朗朗  上口
42.317         1531883028.0    53231323的等我！
42.446         1531987618.0    最炫民族风朗朗上口
42.713         1531921333.0    233333
42.839         1531972445.0    1343223
43.281         1531904052.0    玩一个抄袭的游戏也好意思刷？一群孤儿
43.563         1531979678.0    1433223
43.581         1531957361.0    万能进行
43.621         1531963223.0    废话少说
43.839         1531989872.0    1645王道
43.979         1531981939.0    114514
44.26          1531964997.0    23333
44.439         1531974560.0    1433223
44.676         1531977668.0    14433223
44.741         1531991164.0    132a2a2aa
44.781         1531890858.0    1433223的闭嘴😂
45.002         1531953822.0    “这个我是真的不会啊”
45.041         1531896442.0    感觉流行歌辣鸡的等我
45.1           1531989162.0    1433223
45.348         1531980656.0    10086
45.4           1531973357.0    1433223
45.443         1531972166.0    吓得我打开了钢琴
45.626         1531889172.0    10086
45.842         1531977438.0    1433223
46.267         1531899146.0    11556654433221
46.439         1531894500.0    1433223就很厉害
46.444         1531984511.0    1433223哦哦哦哦
46.901         1531969908.0    1234567，7654321
46.92          1531988417.0    1433223
47.001         1531966928.0    别废话了
47.111         1531883582.0    53231323
47.12          1531967374.0    44443122757
47.579         1531888691.0    38334，14122，2526
48.079         1531889729.0    53231323也等等我
48.249         1531989169.0    1433223
49.142         1531984903.0    3832414122
49.949         1531959841.0    没有🌝
50.541         1531891615.0    38324+4546+4124＝化学来了
50.824         1531966348.0    8008208820
51.038         1531887443.0    12345677654321
51.09          1531894851.0    1145141919810
51.42          1531970148.0    朗朗警告
51.481         1531968354.0    鞭尸李袁杰
51.682         1531966453.0    1145141919810
52.096         1532048889.0    一首元歌送给大家
52.307         1531979641.0    1433223
52.381         1531983281.0    1343223
52.44          1531892324.0    53231323再等我一下!
52.61          1532147802.0    我只会1433223
52.87          1531894401.0    4536251
53.097         1531988422.0    1433223
53.46          1531940242.0    请大家记住1433223
54.165         1531895811.0    1433223
54.262         1531893236.0    4536251
54.742         1531908173.0    4536251
55.2           1532078717.0    什么？1433223？
55.459         1531968403.0    4536251
56.049         1531987237.0    4536251
56.099         1531894561.0    4536251
56.488         1531978563.0    前面10086的你站住
56.713         1531974794.0    1433223
56.87          1531986524.0    你是说干物女和东京不太热？
56.942         1531908182.0    4536251
57.637         1531894511.0    4536251
57.753         1531899423.0    大声告诉我你们体重多少斤！！
58.108         1531991140.0    1433223
58.135         1531975758.0    1433223
58.24          1531968250.0    45362514332231433223
58.328         1531985755.0    4536251
58.888         1531958261.0    12138(*￣rǒ￣)抠鼻屎
59.028         1531883853.0    1433223
59.528         1531978470.0    农药玩家在这里刷1433223显得你们很有存在感吗？
59.601         1531938495.0    17654325
60.119         1531890307.0    1433223
60.743         1531976991.0    4536251
60.748         1531973092.0    1433223
60.782         1531893246.0    4536251
61.091         1531984526.0    1008611
61.171         1531896557.0    元歌连招。。泥萌够了!!
61.721         1531917555.0    4536251
61.851         1531960603.0    话多
61.885         1531892233.0    我看见一个10086？
61.968         1531969924.0    4536251
63.349         1531993013.0    1433223
63.997         1531988433.0     1433223
65.082         1531960958.0    233333的等我
65.228         1531897806.0    记住了1433223对吧
66.24          1531977109.0    不是 你能不能先弹一下？？？
67.302         1531893936.0    53231323
68.462         1531975029.0    1433223都举报不谢
68.527         1531985262.0    53231323的等我阿哈哈哈哈哈哈哈哈！！
69.407         1531990245.0    九宫格欢乐麻将报道
70.309         1531940784.0    告辞
70.572         1531991152.0    1334223
70.617         1531988440.0    1433223
71.201         1531983355.0    不是，你能不能先弹一下+1
71.379         1531885322.0    再见
72.432         1531983364.0    哪里亮了点哪里
72.472         1531984538.0    10011
72.622         1531960756.0    请屏蔽1433223  
72.977         1531887726.0    那不看了
73.447         1531965926.0    要是这样玩琴键估计会被老师打死……
73.628         1531969561.0    所以你快点
74.429         1531981278.0    我钢琴十级为何在这逗留-前面的，九级还好意思拿出来哈哈哈
75.019         1531939764.0    发扫米拉ruai扫刀
75.652         1531993436.0    为毛不说发啊。。。听着别扭。。。
76.04          1531977133.0    快弹啊…
76.323         1531975064.0    你十级还没有别人九级厉害，你还混个屁啊。
76.331         1531966422.0    我都在这了，你们还想怎么样？
76.861         1531983040.0    别讲了快弹
77.029         1531975770.0    废话好多
77.332         1531888344.0    告辞
77.462         1531893063.0    1433223
77.55          1531884638.0    fa
77.799         1531884191.0    急死啊
79.503         1531889843.0    再见
79.585         1531971347.0    88
80.061         1531949421.0    真香
80.116         1531888542.0    这是fa
80.709         1531890882.0    催什么催 不想看跳过啊
81.56          1531888635.0    o
81.576         1531892969.0    前面说考完十级好多年九级咋了的是什么玩意儿，中央音乐学院最高九级
82.598         1531896461.0    好难啊
82.842         1531891594.0    mmp
83.428         1531893069.0    1433223
83.455         1531984056.0    没看懂emmm
84.484         1531881940.0    听不懂
84.68          1531976867.0    突然间大发奇想，老师我想听你弹π！！！！🌝🌝
85.06          1531895750.0    两根中指构成的够了哈哈哈哈哈
85.243         1531959361.0    我酱爆，在这个时刻，要爆了
85.26          1531896487.0    红字泥垢了
85.474         1531976119.0    我爱元歌1433223！
86.146         1531887040.0    F和弦
86.692         1531913486.0    突然乐理课，但说的是大白话
89.679         1531889701.0    你倒是弹啊
89.852         1531939626.0    F大调琶音开始！
90.743         1531892537.0    电子琴六级没学过这个。。。
90.795         1531977221.0    π有9，不行吧。。
90.848         1531903429.0    4536251换成吉他应该是…F G Em Am dm G C
91.766         1531893490.0    不就是两个耶吗/抠鼻
92.539         1531886758.0    墨迹
92.975         1531961997.0    催的脑子有病吗 这是教学视频不是光弹给你看的
93.51          1531899216.0    手势不对
93.711         1531973987.0    你怎么那么多废话
94.189         1531893462.0    来看腿的
94.318         1531894126.0    F和弦
95.955         1531899103.0    那是级数，不是唱名，所以不读fa
96.918         1531968501.0    1433223什么梗
96.934         1531978319.0    墨迹呀
98.418         1531982022.0    圆周率有了解一下。
99.809         1531987628.0    我堂堂钢琴演奏级怎么会看这种东西
100.559        1531940290.0    FaSouMiLaReSouDo
103.58         1532100080.0    前面那个手势不对的，人家up还没开始弹你就看出来了
104.621        1531969368.0    不要误人子弟
105.219        1531887060.0    G和弦
106.622        1531969385.0    会一点就瞎教
108.375        1531978267.0    这是大三度
108.861        1531961419.0    这是三和弦，还有七和弦
110.39         1531883587.0    讲的是c调的和弦，弹幕能不能不要掐了
112.325        1531973297.0    我伯克利毕业好多年了还在这看呢！
112.847        1531886189.0    cdefgab
115.356        1531989963.0    小教学视频你要快？
117.761        1531969412.0    红字，up很多细节没讲
119.309        1531985248.0    啰哩啰嗦的太麻烦了
120.669        1531889536.0    4536251，1433223
121.169        1531887075.0    CDEFGAB
122.056        1531976209.0    你这么一说  我突然不会了
123.165        1531921412.0    这本来就是教学 不想看别看
124.805        1531959945.0    小三和弦？
127.7          1531980873.0    明白了
128.62         1531883584.0    弹钢琴的手并不是都好看的，比如我过了八级手还是又黑又胖又短
130.58         1531963236.0    手好好看！
132.8          1531958452.0    天呐
133.12         1531895810.0    手，手贼好看
134.24         1531887235.0    让别人滚的，自己先滚蛋吧
136.214        1531892778.0    表白手手
136.673        1531974957.0    对
136.741        1531890321.0    手好漂亮
137.337        1531992147.0    黑色空间我是谁
137.794        1531968773.0    CDEFGAB等我
138.302        1531971163.0    mc
138.305        1531891707.0    4536251
138.98         1531889688.0    就是因为不懂才给你们讲的 还一个个嫌话多
139.5          1531973846.0    突然听到了无数的歌
141.126        1531974961.0    我的世界
141.569        1531971729.0    突然熟悉
141.643        1531945498.0    真的好耳熟
141.848        1531978811.0    说古筝简单的那个怕不是在讲笑话
142.021        1531993239.0    有点好听
142.129        1531891872.0    好好听
142.24         1532013977.0    前面说古筝最简单的你认真的吗……？？？？!!!!!!!
142.64         1531973636.0    卧槽，真的耶，我真听过哦
142.793        1531970040.0    现在很多流行大陆曲的高潮部分
143.243        1531889775.0    不难的你试试
144.334        1531882294.0    古筝最简单？你过来我们聊聊人生
144.662        1531993508.0    突然耳熟
145.827        1531988754.0    好好听
146.33         1532095180.0    古筝简单的我们聊聊？？？？我那么多年被狗吃了？？？
146.774        1531890946.0    我爱你，么么哒
147.68         1531967286.0    古筝。。。
147.684        1531980441.0    这个手好看的嘞
148.421        1531887497.0    如果弹个通俗曲目也算会弹 那钢琴真的简单
148.791        1531941494.0    MC
148.991        1531963483.0    前面说古筝简单的你逗我呢?
149.427        1531939888.0    瞬间让我听出了家有大猫膝枕bgm
149.428        1531889564.0    4536251
149.62         1531896484.0    这个手！！
149.698        1531881870.0    说古筝简单的你只是考业余，你试试专业？：）
150.229        1531971175.0    真的像mc
150.238        1531975924.0    小提琴要音准好，然后我转钢琴，适应了两行的谱，，，然后又被赋格曲逼疯了
150.335        1531965995.0    古筝前期简单 后期各种调学多了的那个过渡期简直是生不如死
151.003        1531894899.0    好听诶
151.079        1531893263.0    1433223
151.481        1531892570.0    上海音乐学院↑↑老哥
152.67         1531968337.0    教学视频还有人催，不喜欢你可以走或者跳过啊。
153.706        1532066316.0    你话真多
153.96         1531990619.0    古筝简单的你出来……你怕是没学到后面吧
155.811        1531973863.0    耳熟
155.92         1531968648.0    乐器流氓唢呐了解一下
156.14         1531976798.0    小提琴真的没有钢琴难，不过小提琴入门更难
157.025        1531981565.0    古筝简单的可拉倒吧
157.102        1531950904.0    说实话，什么乐器学精都难。。
157.18         1531893627.0    古筝入门很简单是真的
157.601        1531984961.0    我大二胡表示不服
158.339        1531960845.0    古筝才是最难的吧
159.12         1531965855.0    我这个没学过钢琴的懂了
159.239        1531975344.0    吉他比较难🙃
159.682        1531897118.0    表示还是古筝简单
160.313        1531984364.0    吉他弹唱还简单呢，玩个古典试试？什么乐器都不简单
162.288        1531981398.0    不需要背谱子，弹多了自然记住了。你说背谱难那是你自己弹少了
162.569        1531985059.0    前面那个说大提琴的留步🌚
164.4          1531977594.0    二胡了解一下
164.913        1531973638.0    手好好看啊
165.291        1531893907.0    薛之谦!
165.583        1531993542.0    老薛的！演员啊
165.678        1531888602.0    老子的古琴才是最简单的
165.718        1532077367.0    学过古筝 长笛 钢琴的表示乐理知道后都不难
166.536        1531981968.0    表白老薛的演员！！
167.694        1531899303.0    演员
167.98         1531990637.0    古筝只是简谱容易看一点，并不代表简单
168.065        1531896899.0    薛之谦薛之谦！
168.078        1531975981.0    弦类乐器是难，作为两个都学的我，我想说，钢琴也难，小提也难
169.926        1531934037.0    谦友都出来！
170.041        1531970078.0    薛之谦的套路和旋hhh
170.694        1531896715.0    演员
170.878        1531981978.0    谦友在这！
170.92         1531981671.0    演员
171.36         1531890683.0    演员
171.456        1531962054.0    演员
173.333        1531883556.0    谦谦
173.922        1531896147.0    1433223
173.986        1531892085.0    薛之谦的演员啊！马上就听出来了！
174.015        1531991039.0    薛之谦！！！
174.242        1531971060.0    我觉得每一种乐器都是越学越难的吧
174.363        1531953204.0    定音的乐器会好学点。二胡这种就难
176.197        1531947452.0    表示小学就过十级了还不敢说自己入门。。
176.62         1531899629.0    因为钢琴是越学越难的，说简单的要么没学要么没到家
178.172        1531891950.0    说口哨最简单的你错了，口哨其实是非常考验天赋的，可以了解一下口哨大赛
179.722        1531891000.0    钢琴入门快 就这么弹没技巧 到后面技巧了就很难
180.191        1531963331.0    我觉得学什么东西要学好都不简单…
180.651        1531935210.0    四五三六二五一级
181.989        1531981590.0    有没有专业学过古筝？？还简单？
182.033        1531958011.0    真的墨迹啊，就不能先完整的弹一遍4536251
182.502        1531972835.0    有啥乐器不是越学越难？
183.808        1531969204.0    钢琴十级的滚出去
184.68         1531963944.0    钢琴不简单的
185.264        1531896453.0    竟然有四首我伦的歌哈哈哈哈
185.48         1531889836.0    二胡不难的我可以给你一耳光？
185.535        1531974918.0    认真学习任何乐器的人都值得被尊重，接触过许多乐器知道都不容易
186.088        1531965882.0    66666
186.829        1531971152.0    谦友原地爆炸
187.338        1531964583.0    定音乐器简单？？你在逗我？？哪里来的歪门邪道？
187.8          1531964462.0    谦友举个爪
190.35         1531882414.0    薛之谦的唯一风格就是没有风格吧
192.186        1531991251.0    薛之谦出轨还不凉？
192.409        1531986689.0    小提琴不想说话
192.522        1531972912.0    涡轮懒
192.817        1531882372.0    说二胡古筝琵琶简单的脑子呢？
192.912        1531883987.0    1433223
193.724        1531970711.0    我电子琴不服电子琴才是最简单的！我都嫌弃
194.049        1531977205.0    钢琴乐器最简单是要笑死我？
194.827        1531978021.0    钢琴也是弦乐器
195.79         1531883422.0    什么乐器要学好都不容易
195.946        1532130718.0    哪个乐器简单了？？？
196.475        1531892740.0    能不能弹了
196.492        1531935228.0    学学即兴伴奏 不难
196.626        1531911680.0    什么鬼 现在讲的难度都是业余考级十级制 谁和你扯专业 林子大了什么鸟都有
196.633        1531882052.0    J蒙蒙之姐南艺写:听不懂，马友友可以。
196.673        1531884628.0    关弹幕保智商
197.925        1532095264.0    难不难有什么关系哪样东西学精简单了能不能別争了
198.917        1531955235.0    二胡不难你可算了
200.736        1532014607.0    你不知道的事
201.137        1531892638.0    你不知道我为什么离开你
201.597        1531974718.0    讽刺薛
202.142        1531984468.0    钢琴一个键一个音，演奏方式简单，所以曲子可以写的很难很有表现力
203.76         1531959570.0    二胡摸音准摸半天了解一下
205.367        1531975266.0    人家先用吉他的...
205.48         1531972495.0    说钢琴简单的试试二部创意曲，我弹了9年的钢琴，没觉得简单
205.539        1531958066.0    王力宏的………
205.639        1531987561.0    嗯？优乐美？
205.741        1531887982.0    艾力
206.484        1531892658.0    盘旋在你看不见的高空里
208.014        1531976651.0    王力宏的你不知道的事？
208.639        1531947683.0    我也很好奇，有没有人被所谓的七天学会吉他弹唱的骗了
208.885        1531991241.0    吉他的和弦简单多了好吧
210.139        1531960926.0    吉他很简单，我买来两个月就回了
211.242        1531980912.0    吉他..
211.299        1531959128.0    情歌和弦
211.31         1531892530.0    吉他路过
212.492        1531889722.0    4536251是很多歌里面都会出现的  称作万能和弦
213.496        1531889645.0    等不到天黑
213.715        1531897790.0    这什么歌
214.132        1531971018.0    等不到天黑，烟火不会太完美？？
216.525        1531962623.0    王力宏的
217.083        1531900345.0    王力宏 《你不知道的事》
217.342        1531960689.0    你不知道的事
217.4          1531901821.0    吉他没有钢琴直观
218.54         1532005046.0    咕咕咕?
220.424        1531978737.0    一直在催快弹快弹的能不能去死一死
220.596        1531898110.0    王力宏
221.009        1531975564.0    演员
221.262        1532142755.0    病句，音乐看不到，扣2分
221.568        1531892232.0    和吉他很想耶
221.743        1531897284.0    钢琴学会弹不难。要谈好才难
223.03         1532009418.0    学钢琴主要就是要有废双手的觉悟
223.955        1531985440.0    老师的手哇哇哇没有人注意吗
225.514        1531982051.0    不像
225.939        1531958559.0    有很像
226.569        1531898990.0    入戏太深的都是00后吧 听垃圾听多了
226.881        1531883852.0    两首歌都薛之谦
227.483        1531969737.0    你不知道的事，王力宏的
227.569        1532107005.0    入戏太深???
228.205        1531984433.0    完全一样……
228.603        1531975585.0    你不知道的事不是演员！打错了
228.67         1531890867.0    力宏二哥
229.205        1531977466.0    入戏太深的，你不觉得你唱不出来吗？
229.736        1531884025.0    吉他有啊，古典吉他w
229.99         1531978782.0    好神奇
230.241        1531896653.0    美术生加音乐生默默看着
230.895        1531885791.0    万能三和弦
231.503        1531888491.0    你不知道我为什么狠下心
232.416        1532132913.0    你不知道的事
232.759        1531914838.0    这是王力宏的 你不知道的事
233.477        1531967670.0    你不知道的事谢谢 那个入戏太深的可以滚了
234.261        1531886233.0    右手主旋律，左手和弦嘛
234.393        1531891979.0    这是你不知道的事吧…
234.74         1532161189.0    醉赤壁，烟花易冷，她说，薛之谦所有火的歌，王力宏大部分歌
235.821        1531981757.0     神特么入戏太深……
238.963        1531898924.0    闭嘴，各种乐器都是独一无二的，好好看视频学
239.351        1531945773.0    学医的看看
240.303        1531978916.0    我一个英皇八级的飘过
241.061        1531893476.0    不觉得一样，是因为你一直在认真听旋律
241.876        1531894813.0    琵琶了解一下。。。学会了真的很简单
242.391        1531972573.0    哈哈哈哈笑死
243.848        1531992190.0    ！古琴简单！
244.668        1531936621.0    对不起，我还是忘不了那个1433223的男人
244.806        1531891300.0    我是一个向往音乐的美术生
245.546        1531977903.0    音痴还是不明白😂
245.895        1531926509.0    吉他和弦可以变成数字形式的.
246.519        1531991477.0    钢琴十级乐理就考一点点好么别瞎炫耀
247.515        1532142724.0    前方高能
247.894        1531970174.0    这就是情歌王的诞生原理吗hhh
248.917        1531992074.0    撕什么，爱看看，不看出去
251.684        1531888561.0    只有我听成了你不知道的事嘛
253.68         1531888115.0    盯裆猫
254.963        1531936986.0    这是王力宏的  你不知道的事  好吗？前面说薛之谦的
256.372        1531984553.0    弹唱不叫玩吉他，那叫玩嗓子，玩吉他看指弹看古典
257.49         1531957053.0    你不知道的事
259.338        1531973417.0    没人盯裆吗
259.877        1531960653.0    听不懂。。
260.391        1531903675.0    说吉他的 FGEADGC送给你
260.547        1531983496.0    我就想知道为什么我一玩吉他的也学过这个……
262.898        1531991763.0    学前教育的表示，配儿歌和弦用的也是这些
263.312        1531981769.0    4536251
264.348        1531974133.0    4536251
266.007        1531991834.0    1145141919810
268.976        1531888012.0    吉他原理跟这一样，4536251都是根音
269.127        1531884118.0    有没有跟我一样两个手不能分开用的
270.342        1531886731.0    行行行你们最难，安心看视频吧
272.46         1532142827.0    天依无缝
272.743        1531989805.0    废话好多哦
274.557        1531972777.0    空降成功
274.992        1531895200.0    空降成功！！！
275.133        1531892547.0    第二遍
275.211        1531882165.0    up名字叫钢琴课堂，叫的是钢琴，为什么一群小学生吹逼讨论别的啊，哈哈哈秀
275.517        1531974740.0    前方高能
278.1          1532120185.0    李宇春在我婶婶的脑海里
278.173        1531900390.0    萨克斯不难的 你走萨克斯专业试一试
278.489        1531885605.0    1433223
280.871        1532064560.0    你存在，我婶婶的脑海里
281.677        1531972051.0    同觉得声音好听！
282.206        1531888343.0    空降成功
283.327        1531892097.0    开口跪
284.062        1531958145.0    合旋一样………
284.515        1531971803.0    音特渣渣不敢说话
284.677        1531888068.0    aha
286.111        1531894032.0    大佬啊
286.321        1531963825.0    自己人，别开腔
286.694        1532064576.0    我的梦里
286.812        1531887329.0    可以说是即兴伴奏吧
287.113        1531889554.0    这个我戏剧老师教过我们的，万能的调子
287.501        1531899511.0    开口脆好听
288.706        1532064612.0    我的心里，我的歌声里
289.068        1532056713.0    开口脆
290.616        1531971770.0    和弦
291.505        1531891013.0    好好听！
292.119        1531936290.0    woc唱歌好听又会弹钢琴，关注了！
292.666        1531965989.0    厉害了。。。。
292.67         1531895127.0    啊啊啊啊啊啊啊啊啊
292.803        1531980855.0    但是这些歌曲都是小调啊……遇到大调歌曲怎么解决?
293.794        1531988069.0    挖槽
293.927        1532064769.0    一起长大的约定，那样清晰
294.602        1531894665.0    看不懂的单看左手小拇指
296.378        1531962771.0    为蒲公英的约定刷一发quq
296.616        1531977103.0    蒲公英的约定！！！我最爱的歌！！！都是初心啊😭😭
297.083        1531937177.0    。。。。。
297.342        1531886048.0    蓝字你学过音乐吗，低了半个和跑调有个屁关系
297.543        1532132978.0    好听！！！！
297.665        1531971276.0    蒲公英的约定周杰伦
297.865        1531964203.0    为周董疯狂打 call！
297.946        1531971312.0    已跪！
298.642        1531887117.0    开口跪系列
299.306        1531958160.0    周杰伦
300.243        1531969507.0    刷一发伦妹
300.319        1531883097.0    关注了关注了
300.949        1531887541.0    好听好听
301.222        1531889018.0    好好听卧槽
301.511        1531977624.0    打过狗的我相信
301.675        1531885424.0    吼吼，好听欸
301.719        1531973739.0    糟了，是心动的感觉
301.72         1531967518.0    真的好听
302.352        1531981114.0    wa
302.716        1531992149.0    打过狗的我相信
302.763        1531974010.0    我去
302.857        1531933882.0    哈哈哈哈哈哈，毫无违和感的转了过去
302.947        1531960065.0    ！！！
303.096        1531981713.0    伦
303.321        1531890575.0    请收下我的膝盖
303.425        1531890465.0    无缝的吗
304.014        1531887280.0    无缝衔接
304.042        1531892724.0    李袁杰不仅副歌部分是一样的，旋律都一样↑
304.047        1532064803.0    打过工的我相信
304.27         1531895154.0    打钩?
304.338        1531984416.0    主要看手
305.216        1531892779.0    就跟换了个乐器改了个词没差别
305.232        1531982907.0    好听
305.42         1531889301.0    开口跪
305.991        1531986384.0    关注走一波
306.779        1532005149.0    红字空耳毁气氛
306.863        1531980988.0    好好唱歌 好好长大
306.998        1531886792.0    凯源
307.091        1532009518.0    打过狗的泥垢了
307.803        1531971210.0    我就是进来听唱歌的2333
308.097        1531977160.0    前面说凯源的等我！！！我的最爱呀！！！合唱！
308.453        1532064863.0    你在南方的液氧里
308.951        1531882549.0    打过狗的那个你别跑
309.75         1531982912.0    好听
309.817        1531971930.0    违和感就这样扼杀了
310.017        1531891116.0    double kill的我想你
310.218        1531976348.0    凯源
311.54         1531985532.0    稀饭！
311.661        1531883187.0    ！！！！！！卧槽好听
312.057        1531992746.0    前面凯源的不要走！！！！
312.613        1531888106.0    ↑
313.204        1532064878.0    大雪纷飞
314.468        1531893908.0    头皮发麻，居然感觉是一首歌
314.629        1531970455.0    6666
314.699        1531958652.0    我擦
315.485        1531892564.0    高能
315.795        1531978076.0    23333
315.914        1531961518.0    厉害厉害
316.022        1531990165.0    CDAmEm
316.679        1531988640.0    表白表白
316.782        1531970648.0    好听好听好听
316.986        1531982706.0    傻吗就是故意低的，不是用的歌的原调
317.189        1531981129.0    南山南！！！！
317.272        1531982920.0    天衣无缝。。
317.662        1531981047.0    违和感甩门而出
317.861        1531932366.0    可不可以出视频详解织体啊
317.894        1531983751.0    66666666
318.477        1532064990.0    我在北方寒夜里四季如春
318.761        1531966772.0    遭了，是心肌梗塞的感觉
319.159        1531973834.0    原来和弦可以把任何歌词唱出来啊
319.631        1531891495.0    六六六诶
319.647        1531983732.0    好听
320.055        1531975798.0    厉害哇
320.246        1531977100.0    是…什么感觉呢？就像蓝天白云，晴空万里，突然暴风雨。无处躲避，总是让人始料不及。
320.788        1531936941.0    果断关注
320.818        1531958304.0    南山南，北秋悲，同住地球村
321.237        1531989614.0    关注了关注了(⑉°з°)-♡
322.282        1531976136.0    666666
322.742        1531972073.0    投币投币
323.374        1531890172.0    我的妈啊
323.594        1531974031.0    一首歌……哈哈哈
323.638        1532065058.0    我们的爱情到这刚刚好
325.523        1531958186.0    p主唱得挺好听的哦
326.46         1532133007.0    好厉害啊
326.841        1531890846.0    刚刚好！！！！！！
327.12         1531898908.0    像歌曲串烧
327.446        1531970184.0    肛肛好！投币啊
327.483        1531912804.0    前面问键盘是不是c调的是认真的？？？
327.852        1531894089.0    薛之谦的歌大家快投币
327.911        1531883035.0    好听好听
327.958        1531889137.0    其实可以接修炼爱情！
328.056        1531977212.0    可惜不是你！！！弹的都是我的最爱呀！！！暴风哭泣😭😭
328.199        1531971316.0    6666
328.624        1531983564.0    心肌梗塞！
328.747        1531890513.0    骚不过    骚不过
329.821        1531934168.0    谦谦啊啊啊
330.341        1531956406.0    表白薛之谦
331.069        1531982166.0    表白薛之谦quq
331.2          1531894019.0    来看和弦，结果被唱歌圈粉！！！！
331.459        1532065139.0    剩不多也不少 还能忘掉
332.256        1531993720.0    厉害厉害！
332.747        1531995916.0    厉害
332.996        1531988992.0    什么一个调子主旋律又不是一个调子
333.07         1531974569.0    都是c调？
333.482        1531886800.0    唱歌好好听啊
333.554        1531897499.0    就是这个和弦适用于很多歌词。
333.809        1531883856.0    糟了，是心动的感jio
334.097        1531887984.0    糟了，是心动的感觉
334.634        1532065154.0    我应该可以 把自己照顾好
334.836        1531892320.0    帅
335.09         1531988391.0    你这么干流行音乐会不会打你
335.83         1531957687.0    腻害
335.907        1531995925.0    阿婆真厉害
335.946        1532082648.0    糟糕，是心动的感觉
336.455        1531982568.0    遭了，是心肌梗塞的感觉
336.684        1531894685.0    好听啊！
337.896        1531968422.0    不是说都是一个调只是这种万能旋律可以百搭歌曲
338.161        1531893774.0    光良的声线哟 少年音
338.911        1531901142.0    太好听啦
339.0          1531886618.0    关注关注！
339.032        1531898750.0    棒啊
339.341        1531900131.0    完了心动了
340.218        1531891503.0    这也大概就是中国流行歌都是垃圾的原因吧，一个意思，毫无意义
340.863        1531955008.0    顺滑
341.054        1531894407.0    ←和弦和旋律不一样 我不懂我都知道
341.336        1531986608.0    糟了是心动的感觉
341.749        1532167747.0    糟了，是心肌梗塞的感觉
341.824        1532065199.0    你还要我怎样 要怎样
342.375        1531982603.0    谦谦三杀！
342.491        1531887364.0    教练我要学这个
343.35         1531890870.0    表白老薛
344.11         1531895225.0    你是我的小啊小苹果，让我用心把你留下来~
344.241        1531884309.0    和旋和旋律不一样好吧
344.242        1531890192.0    糟糕，是心动的感觉
344.314        1531894255.0    关注了
345.059        1531897261.0    薛之谦三杀
345.461        1531934188.0    老薛啊啊啊啊啊啊
346.348        1532065215.0    你突然来的短信就够我悲伤
347.862        1531891702.0    遭了，是心.....肌梗塞的感觉
348.014        1531892596.0    好听诶
349.472        1531962749.0    瞬间四连
349.996        1531983370.0    第一币送给你
350.208        1532065256.0    我没能力遗忘 你不用提醒我
350.781        1531971650.0    好棒啊
350.79         1532142621.0    对对对，，串火尧原理!!
353.0          1531988128.0    回弹钢琴的男生真心撩
354.381        1531897280.0    看过这个感觉要作出好歌真滴好难啊
354.417        1531962140.0    愣着啊，投币干嘛
354.419        1532065274.0    哪怕结局就这样
355.338        1531887256.0    流行，朗朗上口是一重要因素
356.421        1531959904.0    老师你要女朋友吗
356.802        1531890894.0    你还要我怎样
359.582        1531971641.0    教练，我想学钢琴
360.369        1531992666.0    讽刺薛
360.569        1531886897.0    4
360.962        1531891596.0    天哪这里是心动的感觉！
361.536        1532065342.0    可惜不是你
362.16         1531970867.0    一般学钢琴的人大多数唱歌都是好的（不是全部，是大多数）
363.769        1531983542.0    非诚勿扰
363.791        1531890906.0    可惜不是你
363.95         1531983829.0    教练：你特么什么都想学，头都给你打烂
364.019        1532065359.0    陪我到最后
364.963        1531886901.0    3
367.638        1531897931.0    辣妹儿~
367.77         1532065412.0    曾一起走却走失那路口
370.633        1531897476.0    和弦一样不是很正常吗，旋律不一样就行了啊
371.05         1531901056.0    啊啊啊炸出炸出
372.102        1531892620.0    好好听
372.346        1531886861.0    音痴还敢指点华语乐坛了
373.296        1531895843.0    1433223
373.594        1531980587.0    情歌王了解一下
374.598        1531993656.0    再给我两分钟
375.312        1531894018.0    这里好听啊
375.592        1531893141.0    卧槽好好听
375.661        1532065434.0    再给我两份粥
376.174        1531932431.0    弹幕突然失踪？？？？
376.507        1531989859.0    糟糕！是心肌梗塞的感觉！太好听了叭！
377.832        1531968779.0    超好听
378.061        1531961855.0    承包
378.514        1531892577.0    不懂的可以看左手，左手来来去去就这几个和弦
378.775        1532065512.0    让我把记忆煎饼饼
379.224        1531982245.0    和弦一样又怎样 旋律又不一样
379.664        1531973374.0    没人？
380.208        1531958241.0    可惜不是你
380.839        1531891953.0    弹幕消失了？
381.222        1531996427.0    主要这是一个讲解！再就是尊重别人的劳动成果
381.5          1531994560.0    投币投币！
382.279        1531981794.0    伦
382.869        1531975861.0    糟了是心动的感觉
383.283        1531971408.0    好好听阿
383.58         1532065579.0    别融化了盐嘞
384.104        1531967230.0    我的天哪
384.261        1531890232.0    妈啊aaa
384.371        1532009611.0    下面字幕好评
384.738        1531961564.0    我没开弹幕？
385.483        1531989540.0    （*/㉨＼*）捂脸
385.585        1531890996.0    为什么看不到弹幕了
385.661        1531958246.0    周董
385.825        1531938246.0    闭嘴说的就是你↓（滑稽）
386.423        1531894447.0    天哪~这串烧666666
387.015        1532145295.0    谦谦是一个扣词眼的音乐创作人
387.699        1531971413.0    6666666
387.801        1531990972.0     唱歌好好听啊
387.874        1532065649.0    让我怎么基德
388.882        1532065601.0    你装都画了
389.116        1531889399.0    我就一句话  和弦是和弦 旋律是旋律 别想的多简单
391.113        1531965851.0    串烧贼6
391.519        1531975284.0    无他，唯手熟尔
391.63         1531892377.0    不行了
391.635        1531961437.0    承包歌声
391.699        1532065689.0    基德你叫我忘了吧
391.858        1531899990.0    好听
391.917        1531888883.0    你床都换了
392.088        1531897514.0    初学者你来一个试试
392.332        1531891308.0    煎饼2333
392.396        1531988293.0    哇我流泪
392.651        1531988636.0    没错是1433223
392.67         1531956492.0    有毒↓
392.726        1531891775.0    妈耶
393.072        1531885963.0    承包空屏
393.631        1531894168.0    原来我是来听up主唱歌的
393.911        1531975743.0    我近视眼您别虎我，右手循环模式明明不一样doge一个和弦好几种弹法的吗……？
394.375        1531993720.0    你说你忘了哭
395.358        1531968676.0    哈哈哈哈什么空耳
395.48         1531978078.0    ！
396.471        1531889705.0    r6666666666666666666666666666666666666666666
396.66         1531966820.0    专心听歌
396.733        1531894875.0    换大米？
397.697        1531971423.0    唱的好好听
398.621        1532142966.0    弹幕笑死
399.157        1531975674.0    up手太好看了吧！
399.359        1531892236.0    zp怎么没弹幕了。都在听歌吗？
399.79         1531955362.0    怀疑我是否开了弹幕
399.888        1531889611.0    女装都化了
399.942        1532065738.0    你说你会哭不是因为在乎
400.421        1532143016.0    不是因为灾户
401.881        1531982520.0    果断路转粉！
401.979        1531985650.0    终于了解了串烧的来源
402.396        1531978403.0    心动
402.782        1531973928.0    啊啊啊啊啊啊啊啊啊啊啊啊啊
404.072        1532009660.0    空耳连中文也不放过233
404.144        1531993745.0    突然好想你
404.269        1531889228.0    你们不觉得up的手好看吗！！！
404.322        1531992149.0    6rz6rz6rz6rz
404.528        1531910018.0    好听啊
404.561        1531947693.0    Java忘了那个笑哭
405.127        1531985960.0    原来是听唱歌的
406.425        1531882562.0    心动了
406.88         1531899746.0    想听右手无旋律伴奏的讲解
407.358        1532065763.0    突然好想你
408.334        1531958269.0    前面的，够了哈
409.91         1531889552.0    你会在~哪里，过得快乐~或委屈~
410.254        1531890959.0    突然好想你
410.687        1531987911.0    我被炸出来了
411.035        1532065807.0    你会在哪里，
411.342        1531970081.0    五月天炸出来了
412.266        1531989565.0    炸出来
413.45         1531908234.0    突然好想你
413.467        1532065823.0    过得快乐或委屈
413.503        1531892392.0    弹幕突然没有
414.575        1531890263.0    天啊！！这个！！
414.815        1531988938.0    都在认真听歌吧。。
414.987        1531963889.0    up主录一首比较正式的吧 猴猴听
415.693        1531894326.0    五月天
418.111        1532133075.0    1.5倍速感觉更好听
418.383        1531977732.0    突然没有弹幕
418.902        1532132548.0    🙏
420.182        1531888294.0    根音是4536251
420.184        1531993720.0    被唱歌圈粉
420.189        1531896307.0    。。。。
420.508        1531989909.0    硬币给你了
421.854        1532065881.0    怎么了，你累了，说好的，幸福呢
422.887        1531958284.0    突然好想你
423.745        1531971575.0    其实有些人刚学弹琴的时候是唱不了歌的，因为脑袋一下记不住那么多复杂变化
423.76         1531964344.0    再次为周董疯狂打 call！
424.435        1531889022.0    3首杰伦的了
424.499        1531981838.0    伦
426.184        1531969462.0    这里巨好听！
426.458        1532065985.0    我懂了 不说了 爱淡了 梦远了
426.896        1531885344.0    已投
426.966        1531959427.0    妈耶
427.661        1531982410.0    不就硬币嘛我给你行了吧！
427.685        1531920808.0    弹幕呢？
428.307        1531882886.0    不就是硬币吗，给你就是了。
428.416        1531979745.0    带好听了
428.691        1531886005.0    弹幕呢
429.031        1531965273.0    忘词了2333
429.333        1531938664.0    说像林俊杰的 你认真的吗
429.553        1532066074.0    开心与不开心 一一细数着 你再不舍。
430.285        1531981745.0    哎呦~不错呦
431.672        1531904805.0    那周董应援是不是这个颜色
432.464        1531892681.0    好好听啊我的天
432.659        1531958293.0    又是周董哈
434.146        1532066104.0    那些爱过的感觉都太深刻 我都还记得
435.797        1531960197.0    这段可以循环了
437.136        1532066129.0    你不等了 说好的 幸福呢
438.346        1531983950.0    果然弹钢琴的男生最帅了！
439.305        1531891782.0    粉丝要撕去别的地方撕，我谢谢您了
439.522        1531984874.0    都在安静听歌吗
440.035        1531937083.0    忘词啦哈哈哈哈
440.169        1532066146.0    我错了 泪干了 放手了 后悔了
441.325        1531890204.0    被钢琴耽误的歌手
441.553        1531895320.0    周杰伦是真的有实力
442.667        1531983059.0    周董打call
443.646        1531894652.0    厉，厉害
443.963        1531896835.0    右手柱式和弦 左手分解和弦没毛病啊
445.003        1532066176.0    只是回忆的音乐盒还旋转着 要怎么停呢
445.283        1531957057.0    弹幕呢
446.237        1531964847.0    真好听
448.517        1531895196.0    好棒！
448.814        1531898373.0    关注一波
449.952        1531968724.0    如果up是科班出身，那么钢琴基本功绝对不行
450.564        1531891720.0    看左手五指能知道一直是4536251
450.767        1531971592.0    是心动的感觉
451.532        1531986831.0    好好听啊啊啊啊～
451.681        1531941234.0    试试这里接一下天青色等烟雨，有奇效
451.764        1531884434.0    周杰伦流行天王
452.298        1531995618.0    ！！！
452.541        1531958313.0    超能合旋
452.638        1531984739.0    淡定投币。。
452.705        1531968976.0    你三婶摸男人
453.231        1532066195.0    你算什么男人
453.32         1531889907.0    你三婶摸男人👨👨👨👨
454.341        1531887490.0    你三婶摸男人
454.595        1531889059.0    4首杰伦的
455.14         1531890177.0    糟糕，的是心跳加速的感觉【咦，我怎么变粉了？
455.224        1531992648.0    烤面筋的等我
455.6          1531889917.0    三婶摸男人
455.767        1531981970.0    算什么男人
456.613        1531973234.0    太狠了 太6了
457.216        1531896686.0    果断投币
457.407        1531978549.0    没人？
457.451        1532066315.0    还爱着她却不敢叫她再等
457.677        1531893234.0    进度条撑住！！
457.698        1531987074.0    你三婶摸男人！你三婶摸男人！
458.899        1531980601.0    我要这硬币有何用？
459.969        1531972556.0    你三婶摸男人
460.705        1531978197.0    拔刀吧
461.363        1531905746.0    请记住，没有声音处理
461.529        1532066345.0    没差 你再继续认份
461.619        1531882660.0    566566566
461.674        1531894250.0    卧槽，突然感觉好帅
461.948        1531992768.0    讽刺周
462.099        1531973949.0    你三婶摸男人
462.202        1531893349.0    出道吧！！！！
463.048        1531964871.0    不要停不要停
463.349        1531984605.0    杰伦
463.954        1531897530.0    三婶摸男人的站住
463.977        1532066373.0    她会遇到更好的男人
464.145        1531942659.0    百万调音师
464.588        1531902086.0    死杀好吧
465.337        1531897766.0    区别在于周董是用4536251，薛之谦是基本只会4536251
465.999        1531894490.0    他会遇到更好的男人
466.584        1531988766.0    心动了心动了
466.744        1531894535.0    他会遇到更好的男人
466.961        1531884467.0    up去唱歌吧
469.514        1531941277.0    试试这里接一下天青色等烟雨，有奇效！
469.761        1531892458.0    他会遇到更好的男人
470.455        1531891040.0    明明用了其他和弦哈
470.683        1531889983.0    已经投币
471.786        1531983316.0    我要这币有何用
473.181        1531969079.0    啊啊啊啊
474.244        1531981249.0    他会遇到更好的男人
477.66         1532168376.0    薛之谦只会4536251的，你试试处学者
480.061        1531958341.0    离人愁就是抄袭了周董的烟花
481.436        1531974010.0    学会之后，跑调根本不可能啊
483.105        1531958927.0    我也是我吉他一弹唱就跟不上跑调，但是我学指弹
484.178        1531940102.0    根音没变但其实和弦性质是有变化的 3 6 7 和弦及7和弦转为位灵活运用 还真是要多练
485.642        1531884687.0    视唱练耳只要音准
485.749        1531984823.0    说左手变化的。。盯着左手小拇指就ok.根音都是4536251
486.658        1531991041.0    啪啪啪啪啪啪啪啪啪啪啪啪啪啪啪啪啪啪啪啪啪啪啪啪
486.867        1531963968.0    不要停
487.038        1531981911.0    👏👏👏
487.138        1531936609.0    全程4536251数下来了哈哈哈夸我
488.431        1531900097.0    66666666
488.643        1531975638.0    我还是去按键盘好了
488.846        1531940621.0    这音好像和正常音高有区别啊
489.239        1532135396.0    何必难为李袁杰
490.744        1531885804.0    想鼓掌👏🏻👏🏻👏🏻👏🏻👏🏻
491.898        1531986810.0    学了还跑调说明视唱没练好
492.464        1531970666.0    666666
494.427        1531912983.0    哇即兴
494.671        1531977065.0    学钢琴！视唱部分很让我头疼！😂
495.14         1531886779.0    超级好听啊
495.532        1531964932.0    怕怕啪啪啪热啪啪
497.414        1531988883.0    天依无缝？？？
497.548        1531893557.0    看到!
497.663        1531888387.0    那个，天依无缝(滑稽)
497.824        1531995046.0    我天依怎么就没缝了？
498.477        1531887755.0    天衣有缝
498.594        1531897303.0    和声进行只不过就是伴奏
499.84         1531988751.0    1433223
501.36         1531891560.0    噼噼啪啪噼噼啪啪噼噼啪啪
501.364        1531988757.0    1433223
501.658        1531891076.0    即兴
502.308        1531984026.0    受我一拜
502.41         1531888947.0    即兴……对不起我学不来，再见
502.887        1531988762.0    1433223
504.425        1531891878.0    即兴也是个专业。。。别这么惊讶
504.528        1531988767.0    1433223
504.955        1532133186.0    超级厉害
506.051        1531988774.0    1433223
507.803        1531982044.0    你有freestyle
507.807        1531988789.0    我什么都不管，我只知道1433223
509.409        1531885159.0    即兴......
509.883        1531981664.0    天依怎么惹你们了？委屈
510.565        1531888572.0    天依无缝
510.694        1531884730.0    哇
513.971        1531981299.0    天依无缝的够了！保护殿下!
516.312        1531988818.0    什么都阻止不了我喜欢1433223
518.525        1531978255.0    把袖子捞上去就是一双好手
523.903        1531897278.0    大三七 小三七 大小三增减七
523.974        1531988401.0    1433223的死个ma
525.467        1531892391.0    吉他瑟瑟发抖:我也就这么多和弦。
527.472        1531988833.0    1433223
530.273        1531988839.0    1433223
532.028        1531988845.0    1433223
536.918        1531979942.0    up主叫急性
541.758        1531948515.0    我是不会加的
543.731        1531967342.0    粤语学好？？？
545.595        1532143174.0    不是首先学钢琴吗
547.075        1531967352.0    粤语我是真的聋了
547.133        1531900487.0    我就是不学我要当裁缝 狗头
548.617        1531887422.0    厉害了
551.374        1531988893.0    加了你就会交给我1433223
552.694        1532012944.0    总归一句话你考到小b教师级，这些你就都会了
555.095        1531985397.0    其实很多玩钢琴的都会即兴表演的，就象你学会了打字之后盲打一样，当然效果好不好就要看对歌曲理解和练习了
556.308        1531882733.0    卡农也能套很多
559.179        1531889332.0    花花说的那个
559.351        1531982126.0    4536251还记得
560.745        1531940625.0    弹的都是C大调，但是不是所有的歌曲都是C大调，所以不仅要熟悉键盘还要熟悉调式，还有伴奏音型的运用
560.986        1531978658.0    学不好乐理哭了
563.498        1531891641.0    是和弦转换的那种吗？
564.84         1532133141.0    这个我是真的不会👌
565.672        1531887595.0    从幼儿园开始学的钢琴。全忘了😭
572.713        1531974764.0    湖南伢没错了
