排名：82
网址：https://www.bilibili.com/video/av26722010
更新时间：07-16
弹幕总量：1058
preciseTime    ofTime          comment
0.0            1531669578.0    新的
0.137          1531499542.0    打他蛋打他蛋！
0.793          1531734719.0    o
1.439          1531460239.0    旅行青蛙
2.139          1531465636.0    7777777
2.6            1531554149.0    打他蛋
2.619          1531449459.0    旅行青蛙
2.922          1531455657.0    打他蛋
3.223          1531452640.0    快刷7777777777777777777
3.369          1531465899.0    777777777777
3.375          1531447844.0    奖杯快递车，您的奖杯到了
3.741          1531456942.0    7777777777777777777777777777
3.819          1531548387.0    t打他蛋
3.88           1531457738.0    bach！
4.04           1531452261.0    打他蛋打他蛋
4.199          1531489542.0    打他蛋
4.381          1531458169.0    打他蛋！
4.439          1531476353.0    打他蛋
4.441          1531456848.0    打他蛋!
4.649          1531459273.0    打他蛋！
4.72           1531700257.0    77777777777777777
4.759          1531488062.0    打他蛋蛋碎了
4.779          1531496890.0    蛋碎了！！
4.838          1531585098.0    bach
5.041          1531456602.0    打他蛋
5.074          1531448372.0    哈哈哈哈
5.12           1531451139.0    BGM牛壁
5.68           1531667182.0    打他蛋打他丹
5.739          1531710096.0    bgm是什么
6.041          1531460549.0    B（别）D（打）D（蛋）
6.467          1531457694.0    ！
6.499          1531561177.0    打他单！
6.665          1531577310.0    打他蛋
6.734          1531555588.0    支咐宝首页搜下“86OO14”说了别谢我
6.741          1531465831.0    为什么弹幕和播放不成比例
6.813          1531496214.0    小姐姐网恋么
6.861          1531444116.0    打他蛋
6.927          1531461846.0    打他的蛋
7.06           1531460544.0    打他蛋
7.475          1531544504.0    为BGM刷一波弹幕
7.519          1531617814.0    打他蛋！打他蛋！蛋碎了
7.66           1531495651.0    旅行青蛙
7.961          1531456610.0    蛋碎了
8.001          1531455566.0    BGM:China-x
8.243          1531577623.0    China－x！！！
8.261          1531445587.0    bdd
8.52           1531452833.0    嚯嚯嚯，柴西安排上了
8.7            1531570026.0    打他蛋
9.17           1531445849.0    安排一波
9.259          1531486047.0    打他蛋
9.44           1531479816.0    打他蛋！！！
9.748          1531448117.0    打他的蛋
9.797          1531456983.0    梦圆哥好评
9.831          1531456377.0    快乐
9.878          1531543452.0    china x
9.918          1531449837.0    77777
10.101         1531457983.0    蛋碎了
10.34          1531486797.0    光之烧烤
10.384         1531491443.0    打他的蛋
10.568         1531471570.0    是人是鬼都在秀，只有7酱在挨揍
10.681         1531531711.0    7777777777777
10.717         1531594308.0    77777777777
10.899         1531457300.0    打他蛋！
11.061         1531458124.0    77777777777
11.07          1531448420.0    旅行青蛙
11.359         1531464005.0    77777
11.371         1531458338.0    7一下好吧，厂长面子给到
11.387         1531442652.0    封面哈哈哈哈
11.389         1531632573.0    777777777
11.459         1531608936.0    china！！
11.738         1531456978.0    7777777
11.75          1531455612.0    徐梦圆好评
11.801         1531455902.0    BDD别打蛋
11.841         1531556268.0    打他蛋，打他蛋！
11.878         1531565339.0    打他蛋
12.088         1531443835.0    虚浮啦
12.309         1531612488.0    打他蛋！
12.38          1531458820.0    china X   开心
12.579         1531477177.0    字幕？？？
12.656         1531483404.0    我只想打他蛋
12.667         1531456105.0    7777
12.697         1531476998.0    777777777
12.801         1531549996.0    7777777
12.877         1531479873.0    777
13.024         1531456498.0    中国风电音好评
13.328         1531456395.0    7777777777777777777777
13.413         1531455938.0    冥冥之中，自有7意
13.718         1531631565.0    蛋碎啦！
13.921         1531456964.0    77777
14.007         1531443666.0    777777
14.091         1531452278.0    77777777777
14.219         1531485963.0    徐梦圆！
14.315         1531446280.0    你个小家伙又在暗示
14.354         1531700267.0    打他蛋
14.4           1531457346.0    打他蛋打他蛋，蛋碎了
14.56          1531455950.0    圆哥好评
14.788         1531455595.0    kkp？？？
15.099         1531507045.0    徐梦圆
15.161         1531482521.0    China X
15.259         1531441237.0    在？kkp
15.5           1531459376.0    为徐梦圆打call！！！！祖国红
15.579         1531476976.0    7777777
16.014         1531444368.0    777777777777777777777777777777777777
16.259         1531466313.0    奖杯我先放这了，过会回来拿
16.312         1531451205.0    77777777
16.32          1531581898.0    打他单
16.379         1531488074.0    china X
16.491         1531660027.0    提前打蛋
16.54          1531454055.0    bgm:chain-x
16.654         1531456989.0    看批盘点
16.839         1531456904.0    旅行青蛙，死亡列车
16.906         1531544756.0    7777777
17.065         1531449472.0    啊啊啊啊啊我永远喜欢柴西小姐姐
17.36          1531547120.0    77777777777
17.648         1531480602.0    7777777777
17.66          1531488157.0    7777777777777
17.661         1531443400.0    周六了？？？
17.721         1531456212.0    7777777777777777
17.739         1531455650.0    777777
17.78          1531482132.0    这女的吞字吞音有点严重，不过普通话已经很好了。
18.0           1531489693.0    柴西？，我错过了什么
18.009         1531451175.0    香锅野区哈哈哈哈哈
18.13          1531583472.0    7777777777
18.153         1531442562.0    china
18.158         1531495695.0    旅行青蛙
18.218         1531527186.0    姿态2次被单杀
18.24          1531636190.0    打蛋点好评
18.289         1531497125.0    打蛋点
18.312         1531480553.0    777777777777777777777
18.329         1531486080.0    旅行青蛙左侧一点应该加上诺手面壁
18.393         1531457651.0    77777777777777
18.58          1531480965.0    kp电竞
18.585         1531476127.0    郭老师的野区亮了
18.714         1531546551.0    7777777777777777777777777
18.721         1531476813.0    暂停看图
18.92          1531453486.0    这图鉴定完毕，没有仙人指路和面壁思过
18.939         1531487890.0    777777777777
18.995         1531452387.0    上帝视角
19.06          1531463551.0    仙人指路呢
19.137         1531461078.0    77777777777777777777777777
19.158         1531456609.0    7777777777777
19.241         1531581906.0    打他蛋
19.261         1531572814.0    7777777
19.283         1531563954.0    仙人指路。
19.321         1531451092.0    香锅野区是真骚
19.359         1531465667.0    7777777
19.4           1531530244.0    Chinax好评
19.515         1531473967.0    我们总之冠军
19.56          1531539779.0    Kkp
19.681         1531464535.0    77777777
19.865         1531538797.0    打他蛋
19.897         1531480430.0    锅老师的野区多的就不说了
19.94          1531463784.0    打蛋点哈哈哈哈
20.139         1531539465.0    小狗问号笑死我了
20.155         1531569591.0    姿态被单杀血转区2.0可还行
20.159         1531459030.0    仙人指路呢
20.349         1531441954.0    香锅野区点233
20.391         1531565251.0    bdd是别打蛋的意思
20.521         1531460554.0    香锅野区很真实
20.54          1531569072.0    只看见了霞的闪现撞墙
20.641         1531473144.0    仙人指路呢？
20.648         1531479377.0    77777777777777777
20.843         1531553864.0    777777777777777777777777777
21.032         1531455352.0    解卡
21.1           1531480061.0    别打蛋！别打蛋
21.397         1531712120.0    7777777777
21.411         1531526797.0    打他蛋，蛋碎了
21.959         1531584138.0    777777777777
22.108         1531502339.0    字幕毫无牌面
22.281         1531441442.0    小花生好可爱☺
22.482         1531451710.0    香锅野区过分了
22.702         1531443687.0    为什么没有诺手罚站点😂😂
23.363         1531474776.0    自闭之皮纳特
23.419         1531457933.0    7777777
24.56          1531468759.0    口香糖有后劲
24.685         1531488082.0    77777 
25.328         1531461784.0    徐梦圆
25.659         1531572170.0    你凭什么打我？
25.864         1531627661.0    打他蛋！蛋碎了！
26.705         1531456956.0    打他蛋！打他蛋！
27.18          1531487666.0    一字长蛇阵
27.565         1531457509.0    徐梦圆
29.012         1531459029.0    徐梦圆
29.34          1531486089.0    BGM：CHIAN-X
31.775         1531442748.0    66666666666666
33.413         1531461792.0    徐梦圆
36.797         1531478624.0    第一天有老园
41.278         1531492955.0    bbd=别打蛋     但是  我就要打他蛋
42.4           1531459039.0    四大皆空
44.992         1531480509.0    ，
45.858         1531477336.0    bgm老徐好评
46.561         1531455868.0    活该。赚钱可以理解，这么黑活该
47.738         1531493301.0    有丶好看。。。
48.656         1531578994.0    总有一天，我会让这里座无虚席！
49.277         1531455133.0    我朋友去了决赛啊。人暴多，票都买不到
50.136         1531443673.0    这舞台没得说最好看的
51.42          1531477212.0    有丶好看
53.361         1531546338.0    这个破地方是真的难找
54.279         1531452325.0    弟中之弟
54.436         1531444004.0    UP主这个系列的视频做的很给力呀。
54.84          1531455026.0    弟中之弟好吗
55.78          1531443384.0    中国能把任何级别赛事办成全球总决赛规格
56.395         1531486504.0    本来就是好吗
56.448         1531456390.0    看🍺电竞！
56.718         1531443167.0    灯光舞美，还有舞台，很漂亮啊
56.971         1531560140.0    谢谢他们买票（tmmp）233
57.92          1531447728.0    是儿砸
58.496         1531445114.0    不灭之握只有我能破，
58.58          1531460751.0    不灭之握
59.135         1531462162.0    总有一天我会让这里座无虚席
59.934         1531579107.0    呵呵，连个吃饭的地方都没有，你要观众自备干粮?
61.037         1531456730.0    我笑了
61.705         1531458300.0    谢谢他们，买票
62.791         1531547500.0    好帅的小奶狗
62.886         1531574938.0    哈哈哈哈哈哈哈
62.937         1531564914.0    谢谢他们买票XXTMMP
63.398         1531542654.0    除了SMLZ任何一个选手说这句话都不会有这么喜感！
63.479         1531469628.0    卧槽，我刚刚才看就觉得那见过
63.779         1531457982.0    哈哈哈哈哈哈哈哈哈哈哈哈哈哈
64.29          1531446827.0    这不是包子🐴
64.375         1531442723.0    马哥
64.441         1531442452.0    有点笑出声的感觉
65.4           1531468608.0    谢谢你们（m）买（m）票（p）
65.844         1531459958.0    心疼小黄毛😭
66.3           1531460762.0    666666666666666
66.939         1531449167.0    谢谢Tmmp~他们买票~
67.08          1531455790.0    笑出声
67.372         1531491500.0    哈哈哈
69.76          1531460125.0    不，小黄毛会笑
70.2           1531457567.0    采访司马脸 打比赛司马脸 那你要我怎样嘛？
71.441         1531550067.0    我不是药神里面的小黄毛浩子
71.509         1531633954.0    滑板颜色好，阿妹更叫休
71.868         1531455442.0    拉黑了
72.02          1531544111.0    拉黑
73.481         1531492143.0    这个翻译过来就是  爱看不看
73.664         1531459375.0    司马老贼哥哥是谁不用我说了8
76.4           1531482604.0    BGM是徐梦圆的China X
76.459         1531460858.0    我才听过bgm  喜欢胖园
76.497         1531457866.0    就是偏向了，怎么滴吧
76.587         1531457221.0    求bgm
80.524         1531632057.0    SMLZ:全部拉黑
80.906         1531455541.0    (ಡωಡ) 爱看不看
81.419         1531626325.0    不偏lpl难道偏你们的韩国爹?
82.168         1531446274.0    。
84.027         1531457749.0    皮
84.424         1531456809.0    腾讯有拳头98%的股权，这些官方解说又是拳头下的，额。。。。
85.798         1531533207.0    中间这个是lck的解说
86.824         1531459281.0    bgm   China X
87.389         1531665015.0    你以为娃娃米勒是腾讯的?
89.037         1531665055.0    有股份又能干涉赛事 版本?
90.044         1531664181.0    过了
91.41          1531539519.0    就偏袒怎么滴？
92.222         1531456881.0    lpl登顶亚洲放心吹
92.297         1531470353.0    翻译：有种别看，不服打我谢谢
93.523         1531484856.0    英解：劳资就偏袒，爱看不看
93.956         1531457889.0    真实
96.354         1531556862.0    你们爱看不看
98.619         1531456059.0    真实
98.688         1531449297.0    哈哈哈哈哈哈哈哈笑死
98.726         1531540619.0    就是偏向咋滴了
99.605         1531446051.0    精彩
100.179        1531477894.0    真实
100.372        1531455830.0    真实
100.442        1531451219.0    社会！社会！
100.699        1531553445.0    哈哈哈哈哈哈哈哈
100.763        1531623701.0    哈哈哈哈或ex biases
101.037        1531548399.0    这么秀的吗
101.054        1531454878.0    真实
101.073        1531458715.0    真实
101.074        1531457383.0    真实
101.077        1531485622.0    66666666666
101.099        1531451364.0    好优秀
101.159        1531476484.0    真实
101.448        1531474022.0    太秀了吧
101.512        1531459396.0    真实
101.58         1531472818.0    真实
101.998        1531456699.0    真实
102.041        1531535811.0    这也太真实了8
102.143        1531536559.0    别的解说可以疯狂吹lpl，所以说我们赛区的解说已经很中立的去解说了
102.184        1531471324.0    太真实了8
102.397        1531549214.0    这么真实的吗？
102.758        1531444922.0    爱看不看
102.791        1531573582.0    这也太真实了吧哈哈哈哈
103.06         1531458024.0    真的骚
103.097        1531499665.0    真实
103.249        1531477300.0    真实
103.29         1531555316.0    真实
103.381        1531461247.0    鬼鬼这么真实的吗
103.52         1531456026.0    设会，设会
103.659        1531463111.0    真实
103.825        1531477447.0    真实
104.338        1531445112.0    爱看看不看拉到
104.54         1531442833.0    66666666666666666
104.571        1531557035.0    太秀了哎
104.64         1531460217.0    真实
104.756        1531542802.0    太真实哈哈哈
104.816        1531445200.0    23333，这么优秀的嘛
104.824        1531571544.0    真实
104.887        1531459308.0    666666666666666
104.96         1531567985.0    哈哈哈，国际友人还是皮啊
105.171        1531721362.0    真实
105.2          1531460210.0    真实 lpl牛逼
105.359        1531539659.0    真实
105.409        1531455222.0    66666666666666666
105.558        1531488167.0    真实
105.879        1531576450.0    社会社会
105.961        1531485708.0    真实
106.072        1531455543.0    牛逼
106.18         1531456605.0    666666
106.2          1531556505.0    66666666666太秀了
106.263        1531612717.0    真实
106.298        1531595136.0    优秀
106.616        1531455666.0    23333333
106.665        1531492538.0    秀
107.246        1531481413.0    优秀
107.372        1531444212.0    涩会
107.465        1531451137.0    ……
107.484        1531443046.0    666666666
107.638        1531462301.0    真实，
108.613        1531499865.0    哈哈哈哈哈哈
109.258        1531671330.0    真实
109.539        1531528393.0    这个在弹幕里看到了，超感动，君泽以这种方式登场
109.719        1531534057.0    66666666666
110.103        1531581625.0    真实
110.48         1531456972.0    233333
110.923        1531456254.0    这波可以233333
112.419        1531565786.0    真实
113.126        1531631692.0    当场去世
115.3          1531452305.0    其实可汗那是rank被湾湾演了说的，也证明他认为台湾是中国
116.463        1531634943.0    真实
119.911        1531503040.0    竟然有个视频读了正确的名字不是让帝
120.967        1531580044.0    然而这个团没赢……
121.012        1531562417.0    让什么，你再说一遍
122.76         1531456883.0    4个中国人赢不了是因为还有一个是韩国人
122.841        1531460673.0    让男好评
124.362        1531534140.0    天不生我贵妇态，剑道万古如长夜。剑来！
125.961        1531457043.0    可能他不会打湾湾
128.36         1531447940.0    不来了，开会了
128.5          1531494627.0    剑来
130.969        1531551961.0    看姿态这个图笑喷了
131.039        1531454022.0    让男已经单方面撕破协议，变成众卿平身了
132.249        1531471834.0    666邪神上单哈哈哈哈
133.758        1531627787.0    京城泼妇
135.987        1531452795.0    我辈剑士人人诚心，为何当不起剑来二字
137.385        1531454705.0    没死不亏死了血赚反正我就是不亏
140.288        1531492426.0    尊师刘波
140.616        1531471939.0    尊师刘波
142.292        1531468988.0    hahahahahha
142.44         1531460340.0    你配吗？
143.441        1531462749.0    心诚不诚，望心有b
145.277        1531447462.0    讲道理 可汗的直播效果很好的 如果不是嘴臭应该会火起来
145.8          1531568900.0    安排上了
145.887        1531581528.0    尊师刘波
147.437        1531442887.0    7777777777777777777777
150.546        1531539592.0    绝食打野
152.32         1531457019.0    锅老师23333
152.464        1531469541.0    黑khan都黑出感情了😂😂😂
154.151        1531595073.0    卡萨是哪里有战争哪里就有我，锅老师是哪里有我哪里就有战争
154.829        1531480225.0    别打蛋！别打蛋！
154.969        1531455345.0    打他蛋！
157.128        1531572546.0    打他蛋打他蛋，蛋碎了
160.448        1531448620.0    还有扯蛋
163.691        1531445681.0    233333
163.92         1531579582.0    克烈拉五预订
165.142        1531455578.0    嘤嘤嘤
165.499        1531451440.0    打蛋 拉鸡
165.523        1531447426.0    嘤嘤嘤
165.854        1531467879.0    嘤嘤嘤
167.044        1531447434.0    嘤嘤嘤
167.144        1531561844.0    嘤嘤嘤
167.219        1531459516.0    嘤嘤嘤
167.819        1531443793.0    忍法
168.319        1531478193.0    嘤嘤嘤
168.86         1531552058.0    嘤嘤嘤
169.608        1531449371.0    哈哈哈哈笑死我啦
170.461        1531452551.0    诡术腰子
170.472        1531445683.0    那年十八，上路对线，站着如喽啰
171.361        1531557686.0    嚯嚯嚯，弟弟有丶东西
173.074        1531453633.0    黄金龙枪！
173.426        1531547313.0    红红火火恍恍惚惚笑死了
173.56         1531529547.0    诡术妖猪是最骚的
173.654        1531452354.0    只有q...
173.739        1531635291.0    诡术妖猪是早就有的梗了。E下龙坑没抢到大龙闪现回野区
174.16         1531493653.0    那年18，上路对线，自闭如喽啰
174.983        1531462821.0    是面壁思锅 ok？
175.058        1531505153.0    太君这边走
175.129        1531443127.0    233333333
175.72         1531479251.0    承包此时的柴西
176.082        1531537393.0    长枪依在
176.84         1531471525.0    敬韦神
176.852        1531446914.0    维鲁斯q+个冰鸟墙像什么
177.382        1531461628.0    小改改萌化了
177.771        1531446953.0    。的家们我是
177.861        1531471512.0    敬韦神
177.889        1531456039.0    指的位置是蛤蟆带霞的那个位置，不要黑我ray皇
178.337        1531491232.0    这个不是被剑魔拉的吗？？？
178.619        1531470107.0    嘤嘤嘤
178.877        1531535165.0    路指塔姆开车送冠军点
178.996        1531477703.0    aiming
179.081        1531560208.0    。
179.678        1531457360.0    藤原拓猪
180.228        1531461016.0    AE8猪
181.921        1531572586.0    不是有打他蛋嘛？！！
182.012        1531455919.0    lgd的6666
182.267        1531493557.0    Ae肛鬃，飙一下啊
183.883        1531457606.0    这小花生r了个猪妹 冰鸟空大 莫甘娜吃船长大到半血 奥巴马就没滑到安全距离
183.905        1531443149.0    红红火火恍恍惚惚
185.021        1531591963.0    2333333
185.046        1531445884.0    号，没，信?
185.205        1531589530.0    doinb用克烈强势carry胜利后疯狂大喊好几遍lpl并激动的手舞足蹈，简称克烈辣舞
185.217        1531499755.0    克烈拉5
186.138        1531499777.0    冥冥之中自有7意
186.359        1531478215.0    7777777
187.087        1531571659.0    7777777
187.296        1531442239.0    7777
188.088        1531457138.0    77777777
188.839        1531477252.0    777777
189.084        1531456943.0    7777777
189.211        1531457877.0    克烈二拉五
190.111        1531468817.0    7777777777
190.678        1531459569.0    77777777777
192.172        1531584309.0    77777777777777777777777777
192.466        1531458404.0     最后一期了
192.936        1531449715.0    77777777777
193.36         1531494506.0    6666
193.604        1531491626.0    他头像是三笠!!!!
195.37         1531442647.0    没满18当然要借了。现在生日满18自然不用了
198.245        1531623240.0    BGM犯规了
199.19         1531479807.0    表白八爷
199.518        1531459242.0    lemon!
199.56         1531442447.0    bgm好评
199.64         1531638566.0    Lemon
199.74         1531501539.0    bgm:lemon。        赞美八爷
199.801        1531456312.0    BGM。lemon
199.865        1531581535.0    lemon！！！！
199.97         1531457311.0    我以为我手机响了
200.112        1531466927.0    八爷！！！Lemon！！！！！
200.499        1531488054.0    表白八爷
200.892        1531571195.0    表白八爷
201.241        1531455457.0    lemon！
201.77         1531582741.0    哈哈哈哈哈哈哈
201.938        1531632808.0    23333蜡烛
202.011        1531467013.0    lemon！！！
202.059        1531458425.0    白旗的意思是特么二十投……商场有的
202.388        1531526964.0    八爷!
202.532        1531453732.0    非自然死亡
202.678        1531461353.0    BGM好评
202.776        1531466070.0    前面的，白旗名字叫20投。
202.82         1531461297.0    lemon
203.019        1531530337.0    八爷！
203.73         1531463438.0    doinb这耳机 se846？
203.863        1531661376.0    lemon
204.642        1531469069.0    八爷八爷！
205.192        1531453739.0    承包十元
205.219        1531454892.0    非自然死亡！！！
206.633        1531449968.0    鸡皮疙瘩起来了
206.855        1531456903.0    八爷
206.99         1531463204.0    为中堂十元疯狂打电话
207.138        1531458984.0    lemon最棒
207.144        1531467803.0    八爷八爷
207.36         1531441265.0    846
207.481        1531458313.0    lemon
207.854        1531483295.0    马哥这一张好帅
210.654        1531463887.0    白旗是20投好吧
211.54         1531553810.0    八爷
211.88         1531542314.0    为什么我用有道词典，翻译出来的是流氓勇士
212.244        1531443531.0    何为侠？心不妥协，行不受限
212.359        1531457690.0    这歌响的，我以为我电话来了
212.72         1531460169.0    泪目
213.846        1531637602.0    将比赛带到第五局的勇士
213.885        1531463400.0    走兄弟们 我们给rng打出个第五场回来
213.939        1531473389.0    侠盗勇士劫富济贫
214.418        1531454826.0    临危受命，险不辞难
214.58         1531466378.0    rw那场看哭了
214.979        1531455517.0    侠者救世，皇族再临
215.701        1531583515.0    挽狂澜于既倒，扶大厦之将倾
216.27         1531446781.0    救世主
216.34         1531459506.0    侠盗勇士名副其实
217.515        1531542306.0    bgm自带感人特效
220.149        1531466253.0    救世主RW 牛B
221.161        1531466805.0    侠盗救世，皇者君临。
224.605        1531460561.0    狭路相逢，勇者胜！
227.28         1531460083.0    BGM犯规
228.695        1531458590.0    侠客行
228.886        1531456415.0    你闭嘴！
231.791        1531442211.0    喂，阿珍啊
232.197        1531533999.0    阿珍爱上了阿强
235.054        1531458876.0    然后打电话给了已经有了老公的阿珍。。
236.04         1531462289.0    我们也看了一遍
237.0          1531528328.0    喂，阿珍啊
238.278        1531531179.0    救世主
238.298        1531466952.0    搞什么田忌赛马，我LMS匹匹都是驴子
239.359        1531463443.0    lpl个个都是好样的
239.596        1531444190.0    BGM给力，电影好评。评论到位
240.421        1531734019.0    放屁，我rw是斯嘎尔，什么汗血宝马，打他蛋就完事了
240.494        1531459371.0    BGM:Lemon 非自然死亡主题曲
240.725        1531468487.0    阿珍阿强..
242.127        1531457918.0    看的我起鸡皮疙瘩了
242.388        1531456476.0    wawa不哭
243.233        1531457505.0    bgm  lemon  差不多，就这英文几个字母。记不清了
243.32         1531676396.0    看着娃娃哭了 我也哭了
243.419        1531458541.0    你怎么又哭了？你哭我也想哭
243.453        1531582445.0    泪目
247.021        1531456361.0    lemon
247.4          1531631849.0    泪目
248.422        1531456461.0    wawa我爱你
248.994        1531579012.0    lemon
249.36         1531676414.0    看着娃娃哭了 我也哭了
249.451        1531443907.0    前方DJ时刻高能！
251.048        1531539763.0    lpl把lck按起来打
253.005        1531497632.0    阿光给奖牌这个是真的帅爆
253.334        1531468302.0    我现在是阿光的粉丝了
254.145        1531552167.0    哇，鸡皮疙瘩!
254.248        1531457795.0    说实话，这个死歌的大招视觉冲击太大了
254.671        1531458460.0    求求你别奶了
257.469        1531487196.0    BGM lemon 不过我觉得中文翻唱更好听
258.088        1531582535.0    泪目
259.086        1531460696.0    灯光完美
259.389        1531459506.0    打他蛋！打他蛋！打他蛋！蛋碎了！
259.971        1531544559.0    阿光真的是个暖男，爱笑的男孩子
260.69         1531548798.0    全场dj如下
260.969        1531475346.0    哟，节奏加快!
261.32         1531458582.0    灭亡
261.605        1531455750.0    3:1还不认可啊？
261.657        1531550538.0    bgm是什么啊
262.406        1531458200.0    打 她蛋
262.933        1531478138.0    BGM起飞了
263.481        1531448374.0    打他蛋
263.738        1531455926.0    打他蛋
263.765        1531629482.0    哭了，不解释都是性情中人
264.101        1531454313.0    死歌大亮的时候我哭了
264.699        1531478316.0    打他蛋 打他蛋 打他蛋！！！
264.724        1531457737.0    我真的看不懂lck大的都是什么团
264.786        1531459803.0    侠者救世，皇者无敌
264.83         1531458960.0    打他蛋
265.319        1531579721.0    打他蛋
266.503        1531476573.0    lemon
266.518        1531472904.0    打他蛋
266.609        1531459521.0    蛋碎了！
267.32         1531478476.0    兄弟们能不能一波！
267.497        1531489110.0    打他蛋
267.939        1531454973.0    蛋碎啦！！！
268.341        1531535408.0    lck迷恋的野核根本没什么成效，可能这就是硬实力上的区别吧
268.545        1531456270.0    打他蛋
268.965        1531480495.0    打他蛋！
269.085        1531478486.0    兄弟们能不能一波！
269.172        1531635105.0    打他蛋
269.201        1531455418.0    lemon
270.502        1531478495.0    兄弟们能不能一波！
270.7          1531454218.0    鸡皮疙瘩起来了
271.017        1531535847.0    蛋碎了
272.461        1531441935.0    今年打出了血性
273.375        1531493080.0    b（爆）d（蛋）d（蛋）
273.685        1531454319.0    bgm:lemon
274.554        1531494655.0    B（必）D（弟）D（弟）
274.688        1531446002.0    今年lck活活被rng运营死
275.52         1531480607.0    运营？我们也会！打架？我们更强！
277.041        1531453305.0    这两个版本我觉得完全放飞了lpl赛区
277.363        1531457784.0    去年we打ssg活活四一搞死但现在是lpl版本lpl天下
278.312        1531458370.0    翻猪了
279.017        1531660899.0    我好像记得去年洲际赛是三比一赢的，我表情包都还在呢
279.499        1531577225.0    直到现在你仍是我的光
280.808        1531456910.0    版本改了不适合运营了
281.405        1531457701.0    风哥：拿出你们LPL的血性
282.554        1531494540.0    是的，去年看S赛，就是看到MLXG都快超鬼了照样敢上敢开团。那时候路转粉了RNG！
282.934        1531456777.0    LPL就是应该这么自信！
283.294        1531532114.0    7777777777
284.052        1531457894.0    肉鸡拿命c。
285.053        1531448474.0    7777777777777777777777
285.606        1531458226.0    77777777777
285.7          1531462193.0    777777777777
285.757        1531473862.0    77777777
285.958        1531459695.0    77777777777
286.108        1531445485.0    777777777777
286.18         1531458704.0    IG是真的不错，LEL嘛……
286.26         1531445113.0    7777777
286.656        1531466206.0    777777777777777
286.809        1531455892.0    777六完事了
286.878        1531456073.0    77777777777
286.899        1531455395.0    小IG不斩无名之辈
287.023        1531664221.0    我IG不斩无名之辈
287.091        1531494388.0    7777777777777777777777
287.181        1531458075.0    777777777777777
287.414        1531448302.0    但是igedg小组赛功不可没
287.449        1531445934.0    rng
288.07         1531443626.0    edg别在消费厂长了心疼
288.158        1531499881.0    777
288.883        1531456296.0    777777777777777777
289.157        1531466599.0    7777777777777777777
289.446        1531529179.0    7777777777777777777777777777
289.522        1531476944.0    777777777777
289.7          1531455764.0    777777777
289.807        1531480950.0    777777777
290.047        1531653234.0    77777777777777
290.811        1531639275.0    777777777777777777777777
291.429        1531458500.0    7777777777777777
291.899        1531581227.0    没有就可以去打lms玩了
292.055        1531442544.0    77777
292.337        1531461025.0    edg哈哈哈
292.73         1531466681.0    77777777777777
292.786        1531449631.0    我小ig不斩无名之辈
293.466        1531701731.0    7777777777777
294.307        1531457977.0    77777777777777777
294.6          1531576667.0    7777777
294.943        1531455792.0    厂长一直在后面安排
295.199        1531480415.0    7777777
295.339        1531478357.0    7777777
295.361        1531442682.0    重要的是rw争气了
296.115        1531554140.0    777777777777777777777777777777777777
296.505        1531459789.0    傻子？是个孤儿
296.991        1531455673.0    小虎:呵~
297.438        1531461755.0    小虎：嘤嘤嘤
297.575        1531576669.0    带节奏的就是孤儿，没得说
297.984        1531446590.0    这就是你的不对了 傻子是弱势群体 为什么要骂他
298.531        1531441818.0    这视频就这几秒，硬币是给定了
298.651        1531463746.0    打他蛋！！打他蛋！！打他蛋！！
298.741        1531576602.0    小虎:？？？
298.785        1531490826.0    小虎:我不要面子吖
299.006        1531455065.0    比兮夜中文溜
299.573        1531478364.0    都是一帮孤儿
299.587        1531584472.0    傻子太轻了，是死了吗没地方发泄情绪的可怜人
299.781        1531488024.0    7777
299.859        1531466183.0    不是傻子，是小猪猪
300.057        1531546543.0    什么傻子？？是傻批
300.449        1531477896.0    毒硬币回韩国估计能被打死
300.736        1531456203.0    小虎:？？？？？哦，对，就我一个国产的，彳亍口巴
301.138        1531448509.0    因为归化了
301.149        1531482362.0    karsa....唉
301.256        1531448229.0    小虎:？？？？？
301.312        1531455376.0    小虎躺枪
301.483        1531653887.0    我是小虎我报警了
301.586        1531475704.0    3500
301.619        1531446982.0    小虎:？？
302.344        1531478107.0    小虎：呵
302.4          1531462272.0    下路一直叫我去，我怎么去啊
302.616        1531454749.0    比小虎6哈哈哈哈哈哈
302.787        1531455534.0    关小虎什么事，哈哈哈
302.933        1531461521.0    小虎：？？？
303.261        1531484220.0    小虎：？？信不信我gay你
303.276        1531543010.0    小虎做错了什么、、、、
303.339        1531485236.0    小虎:？？？
303.4          1531488105.0    小虎：？？？
303.486        1531458179.0    doinb是猴子。。。多动症，直播笑点巨多
303.854        1531444981.0    小虎要哭了
303.92         1531471619.0    小虎？？？
303.939        1531529113.0    77777777777
304.1          1531449281.0    小虎哈哈哈哈哈哈
304.413        1531459145.0    Xiaohu:？？？难道就因为我是中单
304.508        1531447697.0    这不是新疆人吗？
304.829        1531539876.0    doinb不是新疆人吗
304.939        1531459271.0    rookie是真的猛
305.728        1531443345.0    扯兮夜干嘛
307.252        1531484096.0    对不起，山东人除了这么个人渣
308.305        1531554152.0    77777777777777777777777777777777777777
308.686        1531457013.0    ！？？？？？？
309.038        1531459751.0     捕捉圆哥
309.169        1531455335.0    后面是圆哥耶
310.769        1531457371.0    小虎：？？？？
311.087        1531538615.0    全是中国人
312.325        1531457750.0    任栋的不灭之握
312.955        1531628780.0    那个学生都被人肉出来了。
315.214        1531582410.0    已经有视频证实了，卡萨没说那句话，自己可以慢放
317.18         1531456570.0    然后就被捶了
318.998        1531460699.0    @38号
319.318        1531457166.0    然而当时的是实际情况是：我没大中过人
322.71         1531482071.0    说得真对！，投币了投币了
322.798        1531496841.0    恭喜肉鸡iboy两位男嘉宾牵手成功！
323.113        1531480931.0    ray好自责
323.2          1531446574.0    还等什么？投币啊
324.126        1531580190.0    娇娇被牵手，一脸娇羞
325.618        1531451835.0    团结就完事了
325.94         1531659643.0    投币干嘛，愣着啊
326.091        1531456834.0    LPL加油
326.175        1531450196.0    这就是电竞的力量
326.268        1531446480.0    这个牵手太骚了
326.382        1531462983.0    我哭了，你们呢
326.488        1531625608.0    0_____________0
326.969        1531458011.0    前面山东的我顶你
327.536        1531459766.0    我要这硬币有何用
328.277        1531653946.0    那个造谣的已经被济南的暴躁老哥线下solo了
328.281        1531497832.0    恭喜EDG蕉蕉被IG拐走
328.784        1531659086.0    马哥他笑的多开心啊！
329.169        1531484640.0    还等什么？投币啊
329.507        1531456050.0    天呐，马哥兴高采烈！
331.645        1531490651.0    出肉ad
332.048        1531535876.0    山东人管教无方，给大家丢脸了，不过已经有山东老铁去收拾他了，大家放心我们一定会清理门户
333.284        1531554177.0    777777777777777777777777777777777777777777777777777777777
333.325        1531629845.0    丢我们山东人的脸！！！
333.941        1531486824.0    兄弟阋于墙，外御其侮
333.963        1531480213.0    好好查查那个人，别给咱山东丢人
334.14         1531462944.0    md，丢我们山东人的脸，gb别让我逮到他
334.488        1531469146.0    某些韩援  是真的演
334.952        1531536508.0    这个表情说明老贼很健康
335.774        1531582470.0    我的兄弟，只有我可以欺负，其他人？你试试ᕙ(`▿´)ᕗ
336.22         1531479661.0    @农药
338.323        1531576728.0    济南的一位老哥不是已经找上门去了吗..
339.732        1531636594.0    mlxgay
339.974        1531477217.0    冲你这个视频，我关注了
340.142        1531543801.0    我们LPL匹匹都是汗血宝马！！
340.203        1531479346.0    we可还行
340.264        1531532320.0    兄弟阋于墙，外御其辱
340.409        1531460435.0    lpl无弱旅
340.599        1531480630.0    我们lpl匹匹都是汗血宝马
340.921        1531514097.0    赢了一起狂 输了一起扛
341.117        1531470202.0    我哭了，你们呢
341.796        1531565472.0    说的是某些韩媛 比如某羊驼团战原地传送这种操作 就太明显了 比如in什么玩意一看中国队强一看韩国队怂
342.046        1531618674.0    就冲你这句话投币了
342.104        1531481022.0    777777777777777
342.186        1531538972.0    满分作文
342.269        1531473927.0    77777777
342.415        1531477450.0    777777777
342.75         1531460204.0    硬币拿去
342.823        1531533468.0    泪目
342.859        1531456488.0    敲黑板，重点啊，要考试
342.925        1531631875.0    老子差点以为小明假发被掀翻了
342.97         1531544177.0    小明发际线哈哈明阿哥
343.179        1531478411.0    7777777
343.432        1531448175.0    角落里的ray皇瑟瑟发抖
343.501        1531483466.0    关注了
343.784        1531448812.0    假发快要被吹掉了
343.859        1531648937.0    泪目
344.38         1531536913.0    我哭了
344.669        1531458360.0    皮皮
345.171        1531451462.0    都给我哭
345.49         1531513335.0    硬币拿走！！
346.292        1531458060.0    7777777777777
347.0          1531481031.0    77777777777777
347.478        1531499943.0    777
347.728        1531619192.0    777777777777777
348.137        1531462742.0    老兵不死吧黑了7酱这么多年了
348.491        1531466736.0    77777777
349.078        1531460809.0    77777777
349.171        1531532200.0    777777777777
349.294        1531462318.0    77777777777
349.496        1531466660.0    77777777777777777777777777777
349.625        1531653296.0    7777777777777777
349.789        1531658786.0    本泽马
349.8          1531484583.0    77777777777
350.069        1531547447.0    bgm是什么
350.459        1531455050.0    777777777777
350.551        1531701797.0    777777777777777777
350.637        1531543006.0    满分！
350.668        1531441453.0    呜呜呜呜呜呜哭哭
350.674        1531632962.0    7777777
350.682        1531445570.0    要要杀了那个人
350.817        1531562121.0    7777777
350.928        1531466068.0    7777777
351.171        1531458446.0    77777777777
351.192        1531455597.0    7777777777
351.207        1531571835.0    7777777777
351.335        1531545132.0    777777777777777777774
351.389        1531501496.0    777777
351.413        1531441729.0    7777777
351.539        1531536300.0    7777777
351.581        1531442371.0    7777777777777777
351.7          1531581583.0    7777777
351.739        1531481306.0    77777777
351.749        1531460691.0    ……77777777777
351.757        1531462858.0    777
351.921        1531540648.0    rng膨胀的要死。姿态都上ad位了
352.061        1531542827.0    77777777777777777777777777
352.092        1531458176.0    777777777
352.121        1531459647.0    77777777777777777
352.135        1531452776.0    777777777
352.161        1531460471.0    7777777
352.2          1531456077.0    77777
352.233        1531456150.0    777777777
352.339        1531472017.0    77777777777777777
352.381        1531448253.0    满分作文
352.454        1531458303.0    77777777
352.498        1531456365.0    7777777777777777777
352.52         1531455771.0    7777777
352.548        1531459787.0    7777777777777
352.598        1531463702.0    77777777777777
352.635        1531456403.0    投币干嘛？等着啊！
352.875        1531447273.0    77
352.96         1531480528.0    我要这银币有何用
353.02         1531577312.0    直到现在你仍是我的光
353.029        1531580376.0    你们可以嘲笑他菜了，但你不能嘲笑他的梦想，我虽能力不够，但我仍旧憧憬那个奖杯
353.064        1531670690.0    z 7777
353.079        1531450628.0    777777777777
353.139        1531441830.0    777777
353.142        1531582009.0    777777777777777777
353.169        1531583828.0    冥冥之中必有7意
353.201        1531442875.0    7777777
353.257        1531455732.0    7777777777777777
353.284        1531491512.0    7777
353.323        1531476771.0    7777
353.398        1531499959.0    收到暗号！7777
353.401        1531548515.0    77777
353.426        1531458566.0    777777777777777
353.483        1531457863.0    77777777
353.832        1531466920.0    77777777
353.839        1531458500.0    哭了
353.853        1531459023.0    77777
353.856        1531458508.0    77777777
353.857        1531519038.0    7777777777777
353.858        1531455401.0    77777777777777777777777就对了
353.884        1531458068.0    77777777777777777
353.894        1531477209.0    777777777777
353.921        1531464171.0    7777777777777
353.951        1531475819.0    777777777
354.006        1531479451.0    7777777777777
354.05         1531466742.0    777777
354.059        1531456355.0    777777777
354.101        1531457686.0    7777777
354.103        1531457974.0    77777777777
354.11         1531462873.0    777777777777
354.143        1531450803.0    7777
354.263        1531638000.0    7777777
354.287        1531574136.0    77777777777777
354.361        1531455783.0    777777
354.414        1531538597.0    沙子进眼睛了。。。。
354.564        1531449151.0    77777777
354.584        1531463399.0    哇，听着像甄一一
354.654        1531456147.0    77777777777777777777
354.685        1531446250.0    光光光光光光光光光光光光光光
354.701        1531457773.0    77777777777
354.758        1531538660.0    77777777
354.81         1531481040.0    77777777777777777777777777777777777777777777777777777777777777777777777777777777777777777
354.862        1531538448.0    777777777777777777777777777
354.87         1531462822.0    7777777777777
354.894        1531714623.0    777777777777777777777777777777
355.051        1531725480.0    77777777
355.247        1531446846.0    珍惜最后一个赛季的厂长
355.267        1531660676.0    77777
355.344        1531459925.0    777777777777
355.46         1531582972.0    7777777777777777777
355.483        1531488066.0    77777777777777777777777777777777777777
355.515        1531455946.0    77777
355.791        1531543064.0    7777777777
356.175        1531576715.0    77777777777777
356.428        1531457439.0    7777777
356.435        1531543720.0    7777777777777777
356.671        1531724372.0    777
356.693        1531546564.0    777777777777777777777
356.829        1531458581.0    光
357.041        1531457007.0    77777777777777
357.052        1531493271.0    7777777777777
357.084        1531441140.0    7酱的比赛看一场少一场咯
357.595        1531543013.0    7777
357.64         1531499066.0    7777777
357.7          1531452640.0    77777777
357.78         1531491790.0    7777777777777777777777777
357.98         1531471162.0    这个声音真的很不错，关注了
358.015        1531535210.0    两百斤的漫天飞羽养伤去了
358.047        1531444936.0    777777777777777777777777777777777
358.071        1531565299.0    7777777777777
358.201        1531459561.0    厂长成了职业比赛的标志性人物 7777777777
358.262        1531494087.0    两百斤的漫天飞羽hhhh
358.608        1531550890.0    光光光光光光光光光光光
358.62         1531453939.0    77777777777777777777777
358.874        1531470097.0    7777777777777
358.888        1531582768.0    希望一直这样美好
358.909        1531545468.0    满分作文
358.96         1531449749.0    777777
359.026        1531460324.0    777777777
359.241        1531456017.0    光光光光光光光光光光光
359.389        1531466734.0    7777777
359.4          1531488173.0    7777777
359.41         1531475831.0    7777777777777777
359.698        1531471636.0    光光光光
359.788        1531547883.0    我真的哭了
359.861        1531452885.0    777777777777
359.934        1531458585.0    我也哭了T﹏T
360.002        1531468722.0    7777777777777777777777777777777
360.077        1531584476.0    77777777777777777777777777777777777777
360.419        1531563188.0    7777777
360.459        1531477324.0    7777777
360.532        1531460038.0    哭了
360.575        1531456936.0    77777777777777
360.754        1531457850.0    要看萌（猛）的一批的小IG
360.756        1531457443.0    zzzzzzzzz
360.893        1531550601.0    77777777777777
361.021        1531487283.0    777
361.049        1531454897.0    一身疙瘩
361.161        1531484992.0    77777
361.163        1531455423.0    好文稿 蕾姆
361.189        1531446925.0    777777777777777777777777777777777777777777777
361.234        1531453316.0    7酱黑一次少一次咯
361.36         1531571003.0    7777777777777777
361.382        1531471959.0    777777777
361.44         1531446241.0    光之7777777
361.444        1531457957.0    7777777
361.54         1531581899.0    777777777777777777
361.998        1531493573.0    7777777
362.209        1531472089.0    77777777
362.299        1531582233.0    黑出感情了7酱
362.32         1531619206.0    777777777777777777777777
362.358        1531534379.0    777777777
362.46         1531489187.0    7777777
362.621        1531456428.0    2023年7月13第三次世界大战
362.705        1531463202.0    7777777
362.727        1531708442.0    加油
362.981        1531573370.0    愣着干嘛，都给我哭
363.112        1531457438.0    777777777777777
363.392        1531444941.0    77777777777777777777777777777
363.422        1531540022.0    7777777
363.616        1531462151.0    我哭了，kp你要怎么陪
363.904        1531493438.0    阿光的笑容太容易感染人，喜欢
363.94         1531480042.0    关注了
363.982        1531486661.0    77777777777777777777777777777777777777
364.246        1531463091.0    77777777777777777
364.26         1531482254.0    志逐传奇
364.339        1531493830.0    暗示我7退役
364.905        1531453423.0    777777777777777777777777777
365.021        1531457901.0    777777777777
365.097        1531544612.0    承包助手
365.299        1531656016.0    77777777777777
365.549        1531459231.0    7777777777777777
365.576        1531456287.0    等拿了s赛，我吹爆
365.611        1531455817.0    我要这硬币有何用？
365.638        1531484418.0    是牧濑红莉栖
365.814        1531584870.0    7777777777777777777
366.377        1531540870.0    在S赛等你
366.489        1531465915.0    承包助手！！
366.677        1531580430.0    黑着黑着，等到哪一天厂长退役了， 你会发现，空落落的
367.038        1531493660.0    日语是什么歌
367.043        1531665418.0    7777777777777777777
367.238        1531484429.0    是克里斯蒂娜！！！！
367.262        1531531123.0    77777777777777
367.281        1531646510.0    牧濑红莉栖是我的,不接受反驳
367.406        1531460529.0    777777777777777777777777777777777
367.414        1531468468.0    只要lpl在s赛得冠我就买皮肤
367.506        1531501718.0    助手红
367.712        1531460644.0    7777777777777777777777777777777777777777777777777777
367.886        1531563535.0    承包助手
368.012        1531475604.0    7777777777777
368.085        1531492728.0    这武器必死
368.182        1531482454.0    这一切都是破石头门的选择
368.401        1531465992.0    这一切都是命运石之门的选择！
368.648        1531442750.0    孙哥我着火了
368.853        1531665452.0    刷你🐴的777，现在要刷的是死🐴脸，懂🐴？一群新司GAY，⑧认识孙带师？
369.416        1531450423.0    我滴个🐢🐢   mata川
369.417        1531484158.0    两百斤的满天飞羽。。。
369.438        1531611934.0    77777777777
369.483        1531493284.0    77777777777
369.572        1531496140.0    厂长：你这小壁崽子又在暗示我
369.92         1531450514.0    我滴个🐢🐢   大师兄来了
370.12         1531625517.0    建议击毙@平安孙狗
370.226        1531735181.0    777777777
370.368        1531627556.0    哭，都给我哭
370.739        1531538577.0    这就是命运石之门的选择啊
371.577        1531450460.0    我滴个🐢🐢   大师兄来了
371.965        1531505250.0    孙哥我着🔥了！
372.36         1531468758.0    日本太君？孙🐶
372.47         1531454078.0    我佛了
373.251        1531457115.0    我佛了
373.673        1531475610.0    77777777777777
373.865        1531574156.0    光光光光光光光光光光光光光光光光
373.936        1531474033.0    77777777
374.059        1531639358.0    777777777777777777777777777777777777777777777777777777777777777777777777777777777777
374.177        1531570223.0    队友选择了🍛人
375.489        1531459806.0    s8是我们的
375.54         1531460537.0    77777777777777777777777777777777
376.071        1531490780.0    就为这句号，我关注了
376.34         1531465627.0    司🐴脸
376.421        1531544812.0    等一个恭喜RNG
376.541        1531469271.0    我佛啦
377.099        1531467422.0    队友选择了咖喱人
377.366        1531735207.0    日常背圣经
377.46         1531450627.0    逐渐忘记标题
377.851        1531665210.0    刷🔨7，现在要刷的是死🐴脸懂🐴？一群新司GAY
378.945        1531454151.0    77777777777777777777777777777777777777777777777
379.355        1531483932.0    英雄志逐传奇
380.019        1531469509.0    支付寳搜一下“95O6639”，不过你会回来打死我的（滑稽）
380.267        1531619697.0    77777777777777777777777777777777777777777777777777777777777777
381.161        1531460542.0    77777777777777777777777777777777777777777777777777777777777777777777
382.174        1531475618.0    777777777777777
382.93         1531457266.0    没办法 要是跑到亚洲就相当于高校联赛达lpl一样(ㅍ_ㅍ)
384.379        1531446592.0    没办法，亚洲这边整体实力有点太那啥了
384.854        1531447848.0    只有我注意到了TCL了吗？
385.163        1531485085.0    除了字幕做了low了点，其他都棒棒哒
385.241        1531457284.0    日本🗾赛区太弱了，再分到亚洲赛区。。。。
385.288        1531623420.0    东亚怪物房
387.711        1531580491.0    亚洲可以打其它洲，日本和东南亚来。。。。只能说是一场屠杀
387.751        1531638003.0    真，伤心太平洋
391.033        1531457638.0    对比一下某雪公司
392.319        1531558952.0    77777777
398.177        1531456336.0    今年lpl是不是可以进四个队？
403.823        1531460565.0    77777777777777777777777777777777777777777777777777777777777777777777777777、
406.124        1531612468.0    仲夏夜之梦
406.494        1531459518.0    你也太(๑• . •๑)了8
407.46         1531454285.0    小姐姐嫁我！
407.993        1531472420.0    馆男出来挨打
408.532        1531458099.0                  kanpi@nmsl.com
409.28         1531459014.0    -8000
409.494        1531673152.0    8000
409.646        1531447050.0    全世界都在说抽象话？
410.569        1531449840.0    小姐姐亲自配音真的比那些电脑合成音好太多了
411.209        1531460545.0    小改改！！！
411.488        1531459910.0    -8000
411.497        1531484037.0    痛经我会治233
412.422        1531494502.0    一手绿光送给你
413.736        1531445698.0    55555
414.086        1531446884.0    搞快点
414.601        1531464976.0    我要这硬币有何用？
414.885        1531443140.0    我有个办法可以让你十个月不痛经←_←
414.913        1531460183.0    多喝热水
414.92         1531557988.0    网恋教父孙🐶？
415.101        1531485377.0    强人锁男
415.889        1531553763.0    哈哈哈哈哈哈哈
416.139        1531468535.0    z,kkp？
416.885        1531443169.0    ？？？？
417.487        1531450360.0    暗示网恋教父？
418.04         1531570531.0    关注了
418.057        1531539544.0    痛经太丈遇了吧
418.174        1531468755.0    痛什么！？？
419.265        1531478787.0    在吗 我有8000
419.419        1531454282.0    投投投
419.762        1531455481.0    好文稿 泪目 硬币关注
419.879        1531489140.0    给你给你
419.947        1531466074.0      给你还不行？
419.952        1531565727.0    又萌又有实力的女娃子
419.979        1531446148.0    柴西也太可爱了8
420.0          1531550443.0    小姐姐我想和你网恋啊(恋爱粉)
420.221        1531458584.0    估计这波后期放假，以后都不用来上班了
420.416        1531451404.0    你也太*^o^*了8
420.483        1531559024.0    彳亍
421.179        1531484942.0    可耐
421.474        1531449255.0    我哭了，弟弟们呢？
421.529        1531470459.0    砰砰博士出现了!
422.158        1531448482.0    当然是网恋教父丶mata川了
422.205        1531463106.0    我来和你秋秋爱
422.259        1531455784.0    555，我哭了
422.334        1531474055.0    关注了
422.418        1531622753.0    多喝热水
422.841        1531632029.0    很好啊
423.012        1531457900.0    小姐姐网恋吗
423.077        1531445021.0    很棒呀，加油！
423.198        1531471850.0    网恋必死
423.379        1531456388.0    可耐可耐
423.671        1531450985.0    小改改你也太阔爱了吧！
423.844        1531457937.0    6666666
424.024        1531655445.0    Z？kkp
424.151        1531449557.0    建议和我网恋
424.177        1531458604.0    小盖盖，秋秋爱了解一下
424.42         1531471576.0    玩哭辣你们呢
424.573        1531450321.0    柴西爱你
424.935        1531446696.0    原来爱说抽象话的女孩这么可爱¿
425.1          1531456235.0    -8000
425.636        1531466112.0    就冲你痛经  2个币
425.742        1531447500.0    哈哈哈
425.787        1531445289.0    Z?kkp
425.984        1531464094.0    我投💸了 你们呢
426.1          1531463304.0    -8000
426.219        1531471592.0    小改改球球爱吗
426.34         1531487813.0    ojbk
426.481        1531489303.0    很喜欢
426.52         1531460147.0    多喝热水
426.666        1531441822.0    心动了
427.198        1531471886.0    网恋没有情与爱，只有死🐴这一块
427.238        1531459068.0    行8
427.692        1531462369.0    心疼柴西，我投币辣！
427.927        1531478774.0    网恋死吗
428.264        1531469705.0    666
428.445        1531443300.0    小改改，我要和你网恋。
428.448        1531491130.0    你把批照给我交了！
