排名：85
网址：https://www.bilibili.com/video/av26994635
更新时间：07-19
弹幕总量：990
preciseTime    ofTime          comment
0.0            1531973019.0    233
0.1            1531910092.0    蛊惑女仔这个名字起的好
2.414          1531983049.0    悄悄告诉你，你被官方盯上了😂
2.484          1531901139.0    标准开头
2.511          1531969461.0    你被官方盯上了
2.705          1531915737.0    2333
3.489          1531762477.0    优雅23333
4.288          1531879099.0    哈哈
4.682          1531752142.0    优雅？！你个屎*系同个口调转嘎
4.774          1531835121.0    股滑女仔2333
4.832          1531912769.0    有木有高能
5.359          1531991305.0    1001
5.862          1531820473.0    nga好评
6.181          1531748281.0    喔好咸湿啊
7.42           1531756373.0    更新拉！扑街
8.141          1531870905.0    一路向西还行
8.594          1531879178.0    湛江话西游记，请！
8.816          1531891017.0    薇雯微博来的
9.156          1531848011.0    ？？？？
9.166          1531970893.0    好卡啊！！！！！！
9.733          1531753934.0    死咯 一路向西
9.798          1531991139.0    支付寳首页搜索5l342l732，真的不用谢我
10.044         1531988067.0    西游记BJM 哈哈哈哈哈
10.071         1531799679.0    不雅用语
11.04          1531761379.0    被剪哈哈哈哈
11.267         1531929039.0    蛤蛤蛤香港人表示这真的很标准了
11.271         1531924732.0    没事没事，反正我妈又听不懂
12.281         1531746656.0    广东人表示很喜欢
12.953         1531905270.0    TVB西游记BGM耶！
13.045         1531971329.0    哈哈哈哈哈剪了还行
13.657         1531873319.0    233
14.034         1531841415.0    இwஇ我谂起dk了
14.381         1531877215.0    西游记bgm!我顶！
14.692         1531902757.0    西游记
14.894         1531802468.0    忽然想去
15.077         1531930001.0    期待
15.193         1531746024.0    西游记
15.319         1531981527.0    西游记啊慢慢的童年回忆
15.348         1531846227.0    古装剧惯用BGM 233333
15.713         1531974239.0    悟空空的bgm
15.741         1531913684.0    不行了，好怀念呀
15.763         1531751451.0    TVB西游记的旁白风格233333
15.78          1531745612.0    bgm法术乌魔多
15.843         1531872856.0    齐天大圣孙悟空！！
16.574         1531762816.0    西游记哈哈哈哈
16.636         1531863586.0    张卫健的西游记？！好怀念啊
16.929         1531756343.0    哈哈哈哈哈，好熟悉的bgm
17.134         1531793825.0    张卫健版西游记配乐
17.228         1531748340.0    阿更新拉，POOR GUY
17.261         1531756828.0    西游记旁白
17.314         1531802479.0    忽然想起567
17.412         1531881489.0    双字幕好评
17.491         1531907427.0    TVB版本西游记的背景音乐！！！！
17.674         1531757709.0    这个BGN绝了，TVB首选
18.166         1531973538.0    噗噗噗，听着就想笑
18.43          1531746959.0    2333好亲切啊
18.59          1531917678.0    BGM
19.509         1531799693.0    麦玲玲！
19.686         1531887829.0    这bgm很出戏啊 老想到张卫健 那版西游记很棒呀
19.732         1531768341.0    张卫健版西游记 好亲切的bgm
19.916         1531846614.0    西游记！！！！
20.118         1531746961.0    233333
20.562         1531863979.0    算命还行
22.126         1531746287.0    大话西游233333
23.045         1531893641.0    麦玲玲！
23.502         1531935209.0    更新啊扑街
23.918         1531989481.0    233333333333333333
24.954         1531746036.0    666
25.435         1531926527.0    2333333333333
25.577         1531878583.0    配乐满分
25.704         1531915777.0    23333
26.091         1531980519.0    西西游记、、、、
26.201         1531745847.0    BGM太六
26.493         1531987472.0    啊哈哈
26.795         1531758735.0    全部都可以形容XJ
26.869         1531917702.0    23333
26.94          1531926040.0    2333333
27.557         1531747444.0    啊？？？
27.76          1531801364.0    麦玲玲
28.53          1531835776.0    666666
28.562         1531920357.0    天地争霸美猴王
28.617         1531899758.0    笑死
29.401         1531970305.0    睇相！
29.604         1531806024.0    bgm233333333
31.873         1531933819.0    有小姐姐
32.438         1531746181.0    全r警告
32.686         1531927593.0    学粤语，喜欢
32.881         1531970769.0    233333333333
33.001         1531873025.0    毫无违和感
33.55          1531890902.0    66
33.677         1531890390.0    注意，是他们。。。
33.91          1531893124.0    2333333
34.932         1531970689.0    普通话用语和粤语用语对照字幕好评
36.212         1531785932.0    xj对麦玲玲是真爱啊
36.734         1531906165.0    海阔以偶
37.213         1531898390.0    真•PPT
37.618         1531759533.0    样衰，不用解释也该知道是什么意思了吧...
37.706         1531808853.0    他？！
41.235         1531929164.0    點解唔叫蠱惑妹 lol
41.333         1531750544.0    配音好评
42.373         1531747107.0    张卫健版西游记
45.602         1531967651.0    bgm好评！
45.894         1531975110.0    长得太帅
45.996         1531746986.0    死肥宅没有爱情再见
46.233         1531746989.0    23333333
46.528         1531971321.0    支咐宝首頁捜索“86OO14”这么讲究吗
46.633         1531846265.0    字幕搞事情！！！！
48.34          1531924775.0    有人来拍照要记得插袋！
48.81          1531757174.0    以为我听不懂粤语？字幕错了
49.075         1531752435.0    麦玲玲
49.36          1531748088.0    浮夸233333
49.519         1531897301.0    广东人的胜利
49.523         1531916646.0    233333
50.159         1531802059.0    哈哈哈哈哈哈哈浮夸
50.554         1531889021.0    2333333
50.858         1531757402.0    最近up好中意Eason啊哈哈哈哈好开心啊
51.034         1531974291.0    陈奕迅:我啥时候教过
51.224         1531915715.0    666
51.302         1531976659.0    唔系叫影相咩？
51.406         1531893764.0    要人来拍照要记住插袋
51.624         1531745659.0    大娱乐家
52.327         1531936863.0    这BGM...
52.351         1531881559.0    浮夸
52.466         1531792603.0    有人来拍照要记住插袋
52.794         1531878634.0    陈奕迅的浮夸
53.013         1531846122.0    有人来拍照要记住插袋～
53.264         1531915804.0    233333
53.563         1531966255.0    陈先生教过23333
54.49          1531792921.0    样问题
54.524         1531981567.0    哈哈哈哈浮夸的歌词
54.948         1531747004.0    2333333333
55.293         1531928333.0    2333333
55.705         1531782191.0    233333333
56.471         1531899682.0    本妖都人打卡
57.274         1531790003.0    hhhhh从广州过来
58.075         1531873192.0    xj好多女朋友啊
59.127         1531787689.0    听成看鸟了23333
59.297         1531866715.0    2333333333333333333
59.873         1531925944.0    麦玲玲警告
60.338         1531850300.0    233333333333333333
61.028         1531878738.0    给广州打call？？？？？
61.039         1531896217.0    啊哈哈哈哈哈哈哈
62.586         1531792414.0    麦玲玲
63.133         1531971338.0    支咐宝首頁捜索“86OO14”你是对的人
63.731         1531970030.0    嗯？（察觉）
63.982         1531751447.0    ん？
64.074         1531917743.0    ん（察觉）
64.979         1531748167.0    嗯❓
65.096         1531920392.0    哈哈哈哈哈哈
66.338         1531837208.0    没你滴好果汁吃
66.453         1531919086.0    ん？
66.551         1531836408.0    ん？
66.884         1531758347.0    ん？
67.113         1531849364.0    这什么(ﾟoﾟ;
67.627         1531912221.0    小火汁哈哈哈哈
67.778         1531750594.0    你“条友”洗得干净（滑稽）
67.837         1531917762.0    ん（察觉）
68.794         1531786763.0    人妖都是homo(暴論)
68.906         1531915820.0    23333333
69.576         1531871759.0    广东人都知道翻译不大对……
72.613         1531897897.0    666666666
72.987         1531926086.0    23333333
73.114         1531841476.0    哈哈哈哈
73.919         1531929197.0    點解唔叫蠱惑妹
74.033         1531973744.0    哈哈，听得懂广东话笑死了
75.85          1531747437.0    我好兴奋啊！！！
76.765         1531746317.0    掌纹连浓硫酸都洗不掉，别问我为什么会知道
77.093         1531970001.0    23333333333333333333333333
77.154         1531886831.0    233333
77.954         1531877341.0    用逆王水试试吧
78.376         1531807864.0    剧组系真系穷啊，块面整成甘果样
78.467         1531971167.0    哈哈哈哈哈哈哈哈
78.744         1531898119.0    粤语真心听不懂
78.754         1531747495.0    师父？
82.299         1531875676.0    字幕好评
82.497         1531934070.0    23333
82.557         1531925949.0    拜见教主！！！！！！！！！！！！！！！！！！！
83.035         1531918404.0    睇条铁哈哈哈
84.312         1531885710.0    点解嘎
85.708         1531990072.0    佛山人路过
85.783         1531882484.0    ........
86.524         1531975186.0    故意的翻成这样的
86.811         1531834806.0    佛山风评被害
87.572         1531748525.0    黄子华
87.808         1531898586.0    哈哈哈哈徐子珊
88.13          1531963062.0    傻的吗
88.694         1531758757.0    好叻啊∠( ᐛ 」∠)＿
88.841         1531802193.0    黄子华
88.899         1531745737.0    点解嘅
88.958         1531919349.0    MY盛lady
90.74          1531891631.0    爱因斯坦：？？？
90.914         1531888114.0    好冷
91.11          1531969566.0    黄子华2333
91.292         1531970309.0    黄子华
91.426         1531789670.0    神经病啊哈哈哈哈
91.773         1531927577.0    佛山大沥打卡∠( ᐛ 」∠)_
91.852         1531745508.0    真系噶？点解嘅？你好叻啊～聊天百用技巧
92.754         1531759616.0    哈哈
92.978         1531985309.0    2333333333333333333
93.111         1531750871.0    黄子华my盛lady
93.114         1531902488.0    台词讲究
93.154         1531761150.0    哈哈哈哈哈哈哈哈哈！扑街我敢肯定灵感来自my盛lady徐子珊！
93.536         1531875526.0    23333333333333333333333333
93.602         1531887913.0    黄子华梗
93.639         1531753191.0    hhhhmy 盛lady的台词
93.772         1531981644.0    敷衍～
93.79          1531801810.0    烂gag
94.003         1531882522.0    系好叻ehhh唔系 好叻了😂
94.007         1531978369.0    其实呢三句系喺森美嘅talk show出嚟嘅~并唔系黄子华梗
94.58          1531885019.0    哈哈哈哈哈哈哈哈
94.682         1531906015.0    哈哈哈哈哈哈哈哈
95.559         1531968481.0    my 盛lady23333
96.581         1531918410.0    你好叻叻猪啊
96.607         1531973799.0    23333333333333333333333
96.674         1531920424.0    哈哈哈哈哈哈哈
96.859         1531919872.0    孔雀开瓶
97.413         1531975654.0    这个哈哈 xswl
97.716         1531810546.0    ....
97.818         1531747047.0    好冷啊
98.103         1531947426.0    哈哈哈哈
98.217         1531930085.0    这表情。。。
98.323         1531756598.0    哈哈哈哈或
98.632         1531752268.0    23333
99.039         1531846693.0    哈哈
99.131         1531936910.0    哈哈哈哈
99.149         1531751724.0    黄子华
99.29          1531893190.0    hhhhh
99.782         1531916068.0    66666
99.946         1531875694.0    哈哈哈哈哈哈哈哈哈哈哈哈哈哈哈
100.933        1531786004.0    哈哈哈，tvb的广告
100.938        1531926046.0    为子华神发！！！
100.96         1531917134.0    大
103.116        1531753660.0    TVB公益广告2333
103.507        1531932104.0    女声很好听
103.843        1531751515.0    好 康 的
104.274        1531746108.0    讓我康康
104.888        1531907380.0    刘德华
105.702        1531899835.0    哈哈哈哈哈哈哈哈哈哈或
106.989        1531751732.0    6666666666666
107.744        1531918429.0    23333333333333
108.34         1531850348.0    23333333333333333
108.396        1531904732.0    刘德华
109.548        1531915861.0    2333333333
109.559        1531971958.0    哈哈哈哈哈哈
109.656        1531896336.0    睇下点先啱
110.429        1531795310.0    7777777777777
110.665        1531972620.0    2333333333
110.775        1531981623.0    经典公益广告
111.091        1531748257.0    ん？
111.199        1531811757.0    食屎吗
112.5          1531918426.0    tvb景点广告
113.335        1531866236.0    77777777777777777
114.159        1531971960.0    刘华: 今时今日这样的服务态度不行的
114.34         1531920441.0    哈哈哈哈哈
116.026        1531880487.0    佢就系苍蝇哥
116.483        1531915780.0    666
116.95         1531755789.0    刘华
116.986        1531756339.0    23333333
117.132        1531968509.0    华仔233333333
117.256        1531833886.0    嗯？（察觉）
117.983        1531758866.0    之前刘德华在香港做过的一个公益广告
118.561        1531756450.0    华仔？？？
119.717        1531752289.0    2333333
119.88         1531792707.0    刘德华几十年前的广告梗
119.948        1531973822.0    666666666666666666666666666
120.18         1531877358.0    刘德华
120.394        1531752290.0    你们眼神交流，厉害厉害
121.12         1531756325.0    66666666
121.314        1531886822.0    翻译有误导向啊2333
121.52         1531892775.0    666666666666666
121.73         1531920340.0    仇人
124.897        1531901516.0    这不是阿姆斯特朗回旋加速喷式阿姆斯特朗炮吗？还原度还真高啊！
125.309        1531892792.0    666666666666666666666666666666
126.369        1531959771.0    6666
128.002        1531987708.0    华仔：？？？？？
128.614        1531754060.0    哈哈哈哈哈笑死
129.244        1531908214.0    岩士唐炮
129.37         1531971447.0    +)
130.636        1531804314.0    卡在这里
131.172        1531758072.0    银魂
131.357        1531786436.0    hhhhh
131.862        1531796211.0    刘德华hhhhhh广东人都知道的广告
132.3          1531976929.0    银魂格局
132.626        1531795298.0    23333
133.665        1531844912.0    驳番上去2333333
135.848        1531981463.0    66666
139.414        1531918461.0    233333333
140.836        1531919415.0    xj我知你在睇
142.213        1531881374.0    子华
142.746        1531745930.0    子华！
142.918        1531985544.0    哈哈哈哈或好似kururu把声
143.992        1531846428.0    迷家躺枪233333
144.995        1531805072.0    迷家草
145.055        1531988091.0    哈哈哈哈哈哈哈哈哈哈哈哈哈哈哈哈哈哈哈哈哈哈哈哈哈哈哈哈哈哈哈哈哈哈哈哈哈哈哈哈哈哈哈哈哈哈哈哈哈哈哈哈哈哈哈哈哈哈哈哈哈哈哈哈哈哈哈哈哈哈哈哈哈哈哈哈哈哈哈哈哈哈哈哈哈哈哈哈哈哈哈哈哈哈哈哈哈哈哈哈
145.38         1531892784.0    阿姆斯特朗加阿姆斯特朗大炮
146.364        1531888007.0    迷家233333333
146.669        1531957956.0    233333333333333333
146.764        1531794759.0    哈哈哈，乌蝇哥233
146.882        1531968544.0    哈哈哈
147.026        1531984176.0    和哈哈哈哈哈哈哈哈哈哈哈哈哈哈
147.176        1531891345.0    红红火火恍恍惚惚
147.83         1531766596.0    啊强呢
147.974        1531905418.0    乌蝇哥哈哈哈
148.462        1531972194.0    迷家2333333
149.352        1531900909.0    为什么感觉。。粤语软弱无力的。。
149.83         1531975703.0    迷家还行
150.8          1531930720.0    这一段笑疯了
150.815        1531747093.0    好多梗2333
151.861        1531897374.0    细佬真细小hhhhhh就是jj小
152.692        1531921638.0    66666
153.388        1531981666.0    哈哈哈哈哈哈哈
154.02         1531979651.0    喜剧之王里边的marry
154.617        1531844852.0    一直都系广告词，哈哈哈
154.836        1531750511.0    6666
154.968        1531904782.0    旺角卡门
155.14         1531880155.0    突然唱歌哈哈哈哈
155.325        1531836388.0    23333333333
156.128        1531758942.0    源于一首粤语儿歌，忘了叫什么名字
156.259        1531801024.0    笑死了我，夹得好紧
156.812        1531975022.0    哈哈哈
157.088        1531973917.0    怕了
157.154        1531831453.0    哈哈哈哈哈
157.308        1531982098.0    what
157.935        1531897644.0    各种广告
158.253        1531915909.0    23333333333
158.459        1531974473.0    2333333333333333
159.101        1531759856.0    《小小世界》
159.219        1531971251.0    哈哈哈哈哈哈
159.335        1531794037.0    2333
159.358        1531760380.0    子华神再次上线
160.341        1531804531.0    哈哈哈哈哈
160.345        1531747233.0    迷家当初看得真的迷
160.588        1531850400.0    2333333333333333
161.246        1531829688.0    这段笑得我.....
163.126        1531970370.0    暂停成功
163.489        1531758858.0    哈哈哈哈哈哈哈哈哈
163.873        1531947509.0    哈哈哈哈哈哈哈哈哈
164.025        1531746878.0    哈哈哈哈、
164.193        1531974247.0    66666666666666666666666666666
164.771        1531987441.0    6666666666666666666666666666666
165.402        1531795468.0    4楼369号房。。。。。4396
165.594        1531826789.0    碧桂园？？？？？
165.666        1531968568.0    碧桂园23333
165.667        1531896512.0    我在409等你
165.717        1531746767.0    碧桂园做错了什么哈哈哈哈哈哈哈哈哈哈
165.771        1531878843.0    4396
165.795        1531761289.0    h哈哈哈哈哈哈哈哈哈逼贵源
165.864        1531913836.0    96666666666666
165.923        1531758463.0    碧桂园无辜躺枪
166.123        1531759886.0    碧桂园可还行。
166.359        1531891379.0    碧桂园？？？我家？？？
166.502        1531908212.0    碧桂园2333333
166.675        1531835330.0    4396.。。
166.751        1531789464.0    碧桂园666
167.154        1531915918.0    2333333
167.212        1531899116.0    碧桂园2333333333
167.251        1531923561.0    hhhhhhhhhhhhhh
167.493        1531823341.0    逼贵圆。。。。。。
167.514        1531897499.0    碧桂园哈哈哈哈哈哈哈哈哈哈哈哈哈哈
167.565        1531835342.0    777777777777777777777777777777777777777777777
167.578        1531745379.0    太变态辣
167.599        1531802185.0    哈哈哈碧桂园
167.625        1531884892.0    碧桂园。。。
167.659        1531896874.0    笑死我了
167.76         1531917680.0    4396
167.768        1531907593.0    碧桂园给你广告费了没哈哈啊哈
167.785        1531918492.0    碧桂园；关我卵事啊！！！
167.834        1531972660.0    2333
167.887        1531752684.0    777777777777
167.966        1531759091.0    逼贵源（粤语），又逼又贵又远（或地方）
168.074        1531802197.0    369还行
168.134        1531866304.0    4369????
168.306        1531992239.0    同住碧桂园。。。4楼哪来的369？
168.38         1531917843.0    hhhhhhhh
168.434        1531805714.0    草 碧桂园风评被害
168.438        1531747057.0    等等！我家巴士总站就有369！
168.515        1531911680.0    碧桂园……23333
168.652        1531929178.0    碧桂园哈哈哈哈哈哈哈哈哈
168.664        1531896089.0    碧桂园
168.697        1531836166.0    再说你号就没了
169.057        1531836871.0    小凉宫6666
169.093        1531927662.0    369哈哈哈，七十二家房客
169.113        1531971508.0    碧桂园2333333
169.148        1531927083.0    ?????????
169.174        1531917227.0    三六九乱入
169.193        1531747937.0    4396泰拳警告
169.195        1531910694.0    777777777777777777
169.309        1531926738.0    笑死在马桶
169.542        1531816078.0    77777
169.608        1531982111.0    66666
169.654        1531818130.0    7777777
169.695        1531901580.0    369，九哥
169.738        1531756774.0    7777777
169.79         1531746538.0    碧桂园hhhh
169.797        1531792546.0    碧桂园：？？？
169.882        1531987071.0    777777777777777
169.971        1531749146.0    哈哈哈哈哈哈
169.973        1531909557.0    碧桂园躺枪
170.071        1531750954.0    7777777
170.139        1531901485.0    哈哈哈哈哈哈哈369我147
170.239        1531887640.0    碧桂园哈哈哈哈
170.491        1531871659.0    woc碧桂园啊！？？
170.593        1531794753.0    7777777
170.695        1531975465.0    4396？？？
170.735        1531751661.0    碧桂园报警了
170.745        1531981683.0    哈哈哈哈哈哈哈哈哈哈
170.759        1531970925.0    777777777777777777777
170.76         1531916378.0    369哈哈哈
170.816        1531984204.0    和哈哈哈哈哈哈哈哈哈哈哈哈哈哈
170.841        1531976514.0    4369兄弟们
171.074        1531878811.0    369emm警察
171.096        1531745577.0    77777777777777
171.185        1531972028.0    bgm有毒
171.199        1531906337.0    碧桂园666
171.435        1531980162.0    正当我碧桂园不看b站？
171.485        1531752378.0    笑的头都掉了
171.643        1531928553.0    哈哈哈哈哈
171.92         1531816973.0    4396
172.024        1531961631.0    4369
172.03         1531923567.0    哈哈哈哈哈哈哈
172.083        1531805110.0    草
172.274        1531792795.0    369，七十二家房客
172.328        1531883919.0    hhhh
172.394        1531754114.0    哈哈哈哈哈林峯
172.807        1531979405.0    77777777
172.954        1531754203.0    等等4楼点369啊
173.232        1531803496.0    4396警告
173.454        1531836406.0    6666666
173.601        1531893551.0    77777777
173.615        1531901587.0    23333
173.76         1531889282.0    林峰爱不疚。！！！！！
173.962        1531747673.0    七十二家房客的😂
174.292        1531913917.0    碧桂园hhhhhhh
174.294        1531933327.0    碧桂园风评被害
174.349        1531971274.0    哈哈哈哈哈哈哈
174.359        1531836067.0    笑死
174.42         1531745394.0    连林峰都出埋来
174.517        1531896331.0    哈哈哈哈哈哈哈哈哈哈
175.052        1531762768.0    哈哈哈哈哈哈哈哈哈哈哈哈哈哈哈
175.181        1531972809.0    七十二家房客的哈哈哈哈
175.234        1531974451.0    又cue我Eason
175.359        1531845500.0    这bg
175.849        1531975338.0    777777
176.074        1531969581.0    再号信
176.25         1531913378.0    7777777777777777777777777777
176.327        1531850416.0    23333333333333333333
176.328        1531970101.0    2333333333333333333333333333
176.437        1531878863.0    7777777777777
176.532        1531894574.0    7777777777777777777777777777777777777777777
177.41         1531909214.0    7777777777777777777777777
177.488        1531848179.0    笑飞
177.491        1531928559.0    救命
177.693        1531910906.0    77777777777777777
177.874        1531973851.0    哈哈哈哈哈哈哈哈哈
178.037        1531901691.0    好嘢，好嘢
179.158        1531794927.0    77777777777777777777777777777
179.654        1531754545.0    777777777777777777
179.771        1531789943.0    7777777777777777
179.954        1531790441.0    泰拳警告
180.032        1531818016.0    微博火葬
180.109        1531912336.0    bgy报警了
180.193        1531841598.0    林峰报警架啦
180.343        1531791447.0    77777777777777777777
180.395        1531964121.0    77777777777777777777
180.403        1531897864.0    7777777777777
180.452        1531823374.0    777777777777777777777777777
180.516        1531757009.0    厂长干了啥
180.539        1531803199.0    泰拳警告
180.6          1531911147.0    7777777777777777777
180.628        1531881718.0    冥冥之中自有7意
180.685        1531921843.0    777777777777
180.754        1531745391.0    疯狂玩梗
180.893        1531885213.0    碧桂园躺枪
180.972        1531802368.0    77777777
181.016        1531929345.0    押曬韻咁 你贏啦
181.032        1531799305.0    777777777777
181.224        1531976030.0    泰拳警告
181.226        1531881960.0    777777777777
181.492        1531899892.0    77777777777777777
181.542        1531759177.0    尼个教官源于以前香港的一个节目，警讯
182.261        1531765746.0    什么鬼，突然的普通话
182.281        1531969641.0    77777777777777
182.558        1531810643.0    77777777777777777777777777
182.888        1531913947.0    笑到我训地hhhhhhh
182.994        1531893041.0    刷7干嘛？？厂长干嘛了？？？
183.18         1531981696.0    777777777
183.264        1531795349.0    2333333333
184.044        1531840012.0     泰拳警告哈哈哈哈哈哈哈哈
184.319        1531987107.0    777777777777
184.852        1531795960.0    4936(四九三十六)
185.308        1531982126.0    6666666
185.423        1531764488.0    7777777
185.731        1531910715.0    2333333333333333333
185.821        1531895229.0    DOTA2 军体拳？？？？66666
186.379        1531927251.0    烂梗，一滴都吾好笑
186.447        1531935491.0    777777777777777
187.154        1531947538.0    7777777777777
187.261        1531982116.0    关369卵事啊！！！！！！！！！！！！！！！！！！！！！
187.471        1531910929.0    在干嘛啊
189.353        1531889938.0    777
189.401        1531929354.0    777777777777777777777
189.964        1531916786.0    77777777777
190.341        1531910430.0    7777777777
190.372        1531847654.0    全世界出来锤他~
190.842        1531979626.0    777777777777
191.226        1531885513.0    77777
191.35         1531756525.0    77777
191.692        1531972269.0    哦，茂利原来系靓仔嘅意思
191.908        1531903219.0    7777777777777
192.42         1531886123.0    安排
192.444        1531752206.0    77777777
192.735        1531752758.0    那个酒桶他为什么要到塔里啊？
193.154        1531886476.0    7777777777
193.769        1531967412.0    ah♂that's good
194.318        1531866352.0    777777777777777777777
194.563        1531959556.0    77777777777777777777777777777777777
194.583        1531980639.0    7777777777777777777777
194.806        1531895938.0    安排23333
195.008        1531985523.0    7777777777777777
195.052        1531768537.0    子华神和电竞的梗用的毫无违和感哈哈哈
195.447        1531802460.0    777777777777777777777777
195.801        1531889081.0    7777777777777777
196.123        1531888295.0    777777777777777
196.309        1531910966.0    原来这也在你的安排之中吗
196.934        1531905116.0    7777777777777777777
197.004        1531846162.0    QAQ画质感人
197.261        1531923375.0    777777777777777
197.272        1531973900.0    777777777777777777777777
197.328        1531759228.0    啊♂易建联，啊♂易建联~~
197.464        1531893311.0    安排了安排了懂了懂了
197.812        1531794079.0    233333
198.313        1531875749.0    粤语真好听
198.513        1531884638.0    777777777777777777
198.8          1531890889.0    77777777
200.035        1531897686.0    广东人听到好带感啊
200.215        1531913692.0    77777777777777777777
200.341        1531973106.0    777777
200.712        1531846533.0    流鼻血，蓝脚趾
200.947        1531968499.0    77777777777777777
201.095        1531928090.0    7777777
201.552        1531851998.0    66666
201.785        1531745460.0    凭自我 硬汉子 拼出一生痴
201.816        1531971527.0    23333
202.482        1531789695.0    666666
202.785        1531876810.0    警讯
203.052        1531970460.0    警讯，成龙唱的
203.349        1531806674.0    英雄故事！
203.415        1531818044.0    警讯
203.771        1531924030.0    77777777777777777777777777777777777777
203.936        1531975404.0    7777777777777
205.089        1531746878.0    警讯
205.432        1531915957.0    bgm23333
205.909        1531920842.0    关注了
206.118        1531759328.0    BGM源于香港以前关于警匪知识普及类节目
206.643        1531976997.0    7777777777
206.994        1531926646.0    警讯背景音，竟然？？？
208.044        1531761210.0    不行了我肚子痛
208.064        1531870986.0    安排的明明白白
208.682        1531979661.0    来凹酱那版就神作了
208.765        1531761215.0    笑死了卧槽
209.099        1531754716.0    熟悉的BGM
209.666        1531902823.0    233333
210.516        1531763312.0    dnf玩家躺枪……
211.25         1531968615.0    扑了街23333
211.678        1531913976.0    叼7距
211.893        1531759409.0    真的要DNF玩家穿西装才能证明自己吗？！
212.14         1531836867.0    我特么！我穿了西装了好不好！我不是死肥宅
212.543        1531891081.0    过分了哈哈哈哈
212.754        1531973865.0    肥宅玩家…
212.891        1531969607.0    dnf玩家表示唔服
212.942        1531929239.0    哈哈哈哈警讯好评
213.542        1531842280.0    没西装的肯定不是DNF玩家
213.879        1531746478.0    233333333
214.114        1531745505.0    流鼻血,爛腳趾,跌倒一身屎
215.253        1531902973.0    DNF躺枪，哈哈哈
215.986        1531750602.0    777777777777
215.996        1531745629.0    666666666666
216.108        1531891935.0    233333
216.324        1531900986.0    她还很风骚的请我喝糖水？
216.794        1531747635.0    我一进来刘看见常威在打来福
217.161        1531972801.0    我一个大崩甩过去
217.194        1531802254.0    星爷的梗
217.418        1531877307.0    打来福2333333
217.959        1531830724.0    又黑DNF玩家
218.424        1531977425.0    哈哈哈哈哈哈
218.874        1531841639.0    哈哈哈哈哈
218.933        1531904852.0    星爷
219.379        1531920004.0    成龙
219.436        1531909073.0    2333333333333333
220.102        1531971624.0    常威你仲话你唔识武功？
220.674        1531768288.0    哈哈哈哈哈哈
220.74         1531801236.0    肥皂真的很像成龙
221.063        1531981765.0    常威你仲话你唔识武功
221.076        1531893778.0    常威你还说你不会武功
221.243        1531926827.0    5555555555555555555555555
221.614        1531978082.0    跟你们说这BGM《英雄故事》悠木碧唱过啊哈哈哈哈哈
221.788        1531759745.0    哈哈哈
221.831        1531748578.0    常威还说你不会武功
221.921        1531748050.0    @欧尔麦特
222.376        1531987832.0    2333
223.097        1531886601.0    欧叔还行
223.934        1531908687.0    欧尔麦特警告！！！
224.59         1531887696.0    哈哈哈哈哈哈哈
224.832        1531882756.0    欧尔麦特阿苦索
225.093        1531752464.0    已经没事了！那是因为 我已经来了！【smash预警
225.36         1531826703.0    欧叔梗哈哈哈哈哈哈哈哈哈哈
225.455        1531746338.0    欧叔！
225.772        1531796010.0    大丈夫！
225.884        1531784638.0    欧尔麦特23333
225.913        1531972113.0    666666666
225.985        1531805587.0    欧尔麦特
226.047        1531747176.0    死肥宅没有爱情哈哈哈哈
226.061        1531979723.0    西装传好了吗
226.253        1531913441.0    是你，欧叔
226.405        1531877471.0    你条粉友係唔係撩跤打啊而家？！
226.433        1531884580.0    欧尔麦特!!??
226.494        1531894027.0    smash警告
226.51         1531896359.0    欧叔红红火火恍恍惚惚
226.514        1531826866.0    这句是小英雄梗吗哈哈哈哈哈哈哈
226.526        1531790012.0    hhhh欧尔麦特
226.678        1531979795.0    allmight哈哈哈哈哈
226.747        1531836114.0    hhhh
227.101        1531793086.0    哈哈欧叔！！
227.201        1531795658.0    欧厨
227.214        1531826419.0    这么多梗的吗哈哈哈哈哈哈
227.378        1531905608.0    要素过多！！！
227.863        1531810793.0    欧尔麦特
228.305        1531929393.0    ////////////////////////////////////////////////////
228.62         1531746322.0    欧叔！！
228.996        1531977438.0    哈哈哈哈哈哈哈哈
229.007        1531891948.0    哈哈哈
229.323        1531888091.0    23333333
229.54         1531896940.0    hhhhhhhhhhhhh
229.917        1531969706.0    哈哈
230.287        1531991469.0    DNF玩家警告
230.572        1531995036.0    哈哈哈哈哈哈
230.652        1531745462.0    哈哈哈哈哈哈哈哈哈哈哈哈小英雄
230.695        1531973004.0    欧叔由我来承包！
231.633        1531890610.0    .....
231.672        1531812012.0    2333
231.736        1531764537.0    欧叔可还行哈哈哈
232.812        1531753259.0    风都！W！假面骑士！
233.214        1531930220.0    红花火火
233.313        1531974617.0    欧叔上身
234.058        1531806228.0    哈哈哈哈哈哈哈
234.068        1531801397.0    夜店销魂曲！！
234.624        1531761864.0    我靠夜店销魂曲？？？？？？w？？？！！！！！
234.693        1531861407.0    A哥：不要质问我
235.137        1531801413.0    夜店销魂曲
235.254        1531834920.0    為我大a哥打cal；
235.333        1531796206.0    来自风都的BGM
235.405        1531929211.0    居然在这听到假面骑士W主题曲！！！
236.093        1531803084.0    夜店销魂曲！！！！！！
236.197        1531993174.0    2333333
236.234        1531839230.0    夜店销魂曲！
236.273        1531978835.0    夜店销魂曲
236.748        1531746913.0    w
237.032        1531792658.0    假面骑士w的op
237.058        1531812468.0    夜店销魂曲《假面骑士W》
237.337        1531892200.0    夜店销魂曲
237.48         1531757785.0    赵景龙
237.577        1531926431.0    W
237.899        1531980427.0    夜店销魂曲
238.19         1531914717.0    W!!
238.433        1531893643.0    w！！！
238.494        1531971504.0    夜店销魂曲
238.64         1531837554.0    撒，来细数你的罪恶吧。
238.917        1531761996.0    w！
238.984        1531912500.0    W！！！！！！！！
239.453        1531747834.0    w！
239.551        1531754621.0    a哥!
240.328        1531972130.0    23333333
240.4          1531989709.0    23333333333
241.248        1531759558.0    如果有老板这么说（粤），含义是国语字幕
241.73         1531971522.0    支咐宝首頁捜索“86OO14”不可能打工
241.988        1531853748.0    我有个同事花名就真系叫傻强。。
242.952        1531791707.0    哈哈哈哈哈哈惊现a哥x
243.445        1531925148.0    夜店销魂去
244.017        1531937055.0    厉害了我的哥...
244.346        1531914061.0    唔系叫丧彪葛咩
245.221        1531890624.0    66666
246.453        1531749365.0    丧标不是狗吗
247.026        1531759734.0    差馆来源警长经常闹下属尼度系游乐园啊？！
247.685        1531912421.0    游乐场哈哈哈哈
247.779        1531977227.0    游乐场还行
249.779        1531753210.0    游乐场233333
251.42         1531792654.0    当这里有腊肠啊？
252.54         1531926330.0    裆里有腊肠啊？
253.826        1531747259.0    游乐场2333
254.536        1531776815.0    小桂子？？？ 我系小旋子啊！！！
255.105        1531891994.0    小桂子？？？尼克杨问号
256.855        1531746892.0    韦小宝？
257.961        1531971583.0    up主人才
259.186        1531759793.0    乱说一通。。
260.179        1531808115.0    乱鸠甘讲都讲得甘嗨似，佩服佩服
266.408        1531912441.0    比心
266.468        1531928326.0    粤语版男子高中生的日常的梗
266.742        1531751713.0    便 乘（察觉）
267.091        1531917999.0    便乘（察觉）
267.26         1531790724.0    便 乘(要 素 过 多
267.857        1531752560.0    23333
268.189        1531759852.0    “便乘”打错，是“变成”
268.697        1531794138.0    高潮小鬼立刻去世↑
269.173        1531881989.0    ん？
269.924        1531798979.0    笑抽筋系列
271.343        1531897753.0    便乘【察觉】
271.629        1531889499.0    前面说打错字怕不是屑
273.419        1531977736.0    文学少女bgm
273.687        1531751781.0    文学少女hhhhh
273.901        1531979745.0    今天风儿好喧嚣啊！
274.274        1531973988.0    文艺少女登场…………咦咦咦咦咦？人呢？
274.874        1531914914.0    bgm男高
275.096        1531748670.0    文学少女bgm
275.203        1531988403.0    文学少女hhhhhh
276.087        1531866074.0    BGM出处：男子高中生的日常！！！
277.359        1531916492.0    浮夸？
279.015        1531762085.0    今天的风有些喧嚣
279.377        1531788995.0    今天的风儿真是喧嚣啊
280.117        1531815514.0    今天的风儿甚是喧闹啊
280.74         1531986685.0    不是kmr吗
281.157        1531978162.0    今天的风儿甚是喧嚣啊
281.305        1531882090.0    文学少女
282.074        1531970213.0    男高？
282.939        1531751450.0    文学少女
282.994        1531888540.0    ENA
283.054        1531908316.0    文学少女！！！！！！！！！
283.76         1531782279.0    今天的风儿甚是喧嚣
283.924        1531866101.0    今天的风甚是喧嚣！
284.926        1531850771.0    不看日语版，天天来看粤版的希望不是只有我一个啊
287.521        1531928233.0    降魔的
289.657        1531958120.0    啊哈哈哈哈哈
291.27         1531820782.0    这个女声的“啊”233
291.648        1531968697.0    这个女声挺好听的
295.409        1531756010.0    啊sir 我唔做大佬好耐啦
296.219        1531747280.0    金翅扑街鸟23333
296.88         1531918618.0    2333333333
297.2          1531836975.0    我唔做大佬好耐啦
297.594        1531796096.0    金翅扑街鸟哈哈哈
298.855        1531907725.0    这个口音不太准
299.042        1531898036.0    红红火火恍恍惚惚
299.133        1531753357.0    女声好好听！！！
299.408        1531985020.0    文学少女
300.244        1531762412.0    女装大佬
300.824        1531759956.0    这堆台词源于一部影视作品，忘了是啥
302.81         1531820804.0    金翅扑街鸟2333333333333
302.876        1531789619.0    观音出场BGM
303.85         1531750263.0    大口英 还行
304.094        1531765633.0    古灵精探要素察觉
304.267        1531750321.0    大口英666
304.652        1531988447.0    大口英hhhhhhh
304.712        1531798558.0    英雄本色第一部，狄龙对张国荣说的。
305.332        1531900963.0    剪..................................
305.965        1531931039.0    今天刚补完古灵精探两季
305.996        1531896061.0    大口英2333
306.414        1531748957.0    大口英
306.653        1531786227.0    男高粤配版
307.959        1531982351.0    又是大口英  古灵精探的隐藏男主
308.253        1531797218.0    《当年情》唱起来
308.508        1531745925.0    大口英是不是古灵精探里的啊
312.286        1531764972.0    古灵精探
312.374        1531761433.0    哈哈哈哈古灵精探
315.239        1531747321.0    2333
315.64         1531914132.0    大口英喔
316.197        1531901795.0    谭咏麟-水中花
316.346        1531787047.0    谭咏麟，水中花
317.156        1531921603.0    谭咏麟的水中花哈哈哈哈哈
317.39         1531752609.0    233333
318.069        1531752914.0    又系西游记！！！！
318.412        1531746957.0    哈哈哈水中花
318.435        1531801138.0    细唧系金鱼佬
318.54         1531817954.0    水中花哈哈
318.628        1531746794.0    谭咏麟无话可说
319.111        1531889335.0    底端弹幕有毒？？？能不能不挡字幕啊
319.632        1531794190.0    这好像也是张卫健版西游记的台词
320.001        1531752554.0    啊哈哈金鱼佬
320.584        1531745625.0    金鱼佬！
320.96         1531916545.0    熟悉的bgm
321.351        1531882505.0    自古多情空余恨
322.199        1531916551.0    系tvb
322.996        1531847872.0    小心金鱼佬
326.504        1531900077.0    杏子躺枪
326.866        1531752903.0    突然杏子发刀
327.292        1531888189.0    233333
327.566        1531749918.0    水中花
327.918        1531920097.0    杏子：我做错了什么
327.924        1531852131.0    驾高达还行
328.153        1531913897.0    BGM好好听
329.617        1531971237.0    大聲肛， 肛到我聼到为止！
330.507        1531815607.0    杏子：？？？
330.899        1531976194.0    杏子:???
331.288        1531760169.0    肛，好似打错。。。
332.231        1531846803.0    没有反，谁说反了！
333.549        1531896264.0    佐苍
334.397        1531982406.0    西游记
338.978        1531827014.0    突然宫心计hhh
339.439        1531796331.0    上香
340.775        1531929383.0    突然深宫计_(:зゝ∠)_
341.097        1531826562.0    66666
341.154        1531759386.0    55开33
341.27         1531900071.0    哈哈哈哈哈哈哈哈哈哈哈哈哈哈哈
341.653        1531975217.0    呵呵哈哈哈 宫心计bgm
341.805        1531801122.0    上香
341.812        1531970605.0    深宫计
342.133        1531813776.0    哈哈哈我电视上正放着宫心计
342.503        1531913047.0    我卢老爷生前也是个体面人啊！
342.67         1531820861.0    引刀成一快，不负少年（）头
343.585        1531911140.0    上香
343.772        1531768703.0    消费过世主播 吐口痰再走吧
344.144        1531883823.0    江城子·表面兄弟
344.337        1531864043.0    表面兄弟，了解下。。。。
344.363        1531818320.0    上香
344.392        1531812017.0    23333
344.396        1531973005.0    哈哈哈哈哈哈哈
344.726        1531850831.0    哈哈哈哈哈哈哈哈哈
344.796        1531745766.0    66666666666
345.292        1531749007.0    哈哈哈消费过世主播
345.334        1531796152.0    上香
345.552        1531799474.0    上香
345.612        1531893756.0    上香
345.713        1531748119.0    #上香
346.088        1531967952.0    bgm真的好，西游记
346.152        1531899167.0    律师函警告
347.415        1531817321.0    hhhhh
347.681        1531756693.0    上香
348.213        1531830795.0    不变的哆啦A梦BGM😹😹😹
348.677        1531947748.0    上香
348.893        1531977146.0    上香
349.076        1531790279.0    23333
349.316        1531836265.0    表面兄弟
350.013        1531788933.0    蹭我央视一哥热度？
350.694        1531844197.0    66666
351.052        1531810918.0    上香
351.375        1531881976.0    男人ktv
352.489        1531968650.0    233333333333333333
353.427        1531974670.0    2333333333
354.465        1531759072.0    唔好成日唱歌得不得
354.918        1531846829.0    侧田V5
355.091        1531830740.0    不变的哆啦A梦嘅BG
355.273        1531766612.0    哈哈哈哈哈哈哈哈
357.813        1531755832.0    KTV
357.827        1531750747.0    666666
360.569        1531878218.0    侧田
360.836        1531766618.0    好多歌
361.013        1531882545.0    ...
362.032        1531748387.0    xj你仲话你唔识泰文!
365.001        1531926477.0    老表你好hea
366.018        1531758736.0    BGM好评
367.899        1531921320.0    （此处为 张继聪恶搞义海豪情）hhhhh
368.33         1531745858.0    张继聪？
368.879        1531890747.0    阿珍爱上了阿强
369.488        1531797549.0    老表你好嗨？
370.626        1531975689.0    阿珍爱上了阿强
371.0          1531877285.0    wilala  jiang taiwen 
371.41         1531990447.0    女声配的好可爱
372.167        1531836605.0    2333
373.707        1531752685.0    笑的头都掉了
375.003        1531919981.0    前方高能！
377.59         1531790518.0    da♂rk力量
377.852        1531752226.0    擎天柱，丢
377.879        1531890764.0    阿珍爱上了阿强
379.386        1531894118.0    哈哈哈哈哈哈哈哈
379.674        1531751916.0    阿珍爱上了阿强
380.439        1531745418.0    顶你个小樱梗 哈哈哈
380.706        1531836129.0    hahahah
383.174        1531835342.0    尝金阁雅座一位~
383.394        1531880931.0    阿珍爱上了阿强，在一个没有星星的夜晚～
383.407        1531810973.0    啊珍爱上了阿强
383.426        1531803410.0    不看，晕针
383.571        1531914228.0    这个翻译hhhhhhh
383.746        1531902648.0    2333333333333333333333333333333333333333333333333333333333333333333333333333333333333333333333333333
384.184        1531974047.0    阿珍爱上了阿强
384.247        1531991863.0    我睇下弁个敢拦我
384.301        1531777058.0    阿珍爱上了阿强
384.622        1531944564.0    阿珍爱上了阿强
384.753        1531841831.0    哈哈哈哈哈哈我！安利！刺客伍六七！
384.76         1531811876.0    阿珍爱上了阿强
384.872        1531899210.0    雅座一位
385.086        1531836874.0    哈哈哈哈哈哈哈哈哈哈哈哈哈哈哈哈哈哈哈哈哈哈哈哈哈哈哈哈哈哈哈哈哈哈哈哈哈哈哈哈哈哈哈哈哈哈哈哈哈哈哈哈哈哈哈哈哈哈哈哈哈哈哈哈
385.097        1531897814.0    为五条人打call
385.214        1531796208.0    阿珍爱上了阿强
385.77         1531799361.0    啊珍爱上阿强，什么鬼？哈哈
385.92         1531889426.0    阿珍爱上了阿强
385.96         1531892567.0    啊珍爱♂上了阿强
385.97         1531750467.0    刺客567!
386.044        1531990528.0    阿珍阿强...
386.285        1531826711.0    阿珍爱上了阿强
386.554        1531802453.0    阿珍爱上了阿强
386.693        1531995197.0    哈哈哈哈哈
386.851        1531910823.0    阿珍爱上了阿强
386.914        1531915029.0    哈哈哈哈(ಡωಡ)hiahiahia
386.994        1531898163.0    阿珍爱上了阿强
387.088        1531917495.0    哈哈哈哈熟悉的BGM喂五六七打长途
387.22         1531752253.0    广东刺客567
387.325        1531850970.0    在一个有星星的夜晚
387.657        1531925246.0    哈哈哈哈刺客伍六七
387.674        1531802461.0    阿珍爱上了阿强
388.028        1531914097.0    666666666666666666
388.33         1531794273.0    233333
388.872        1531975615.0    阿珍爱上了阿强
389.018        1531833160.0    刺客伍六七把我炸了出来！！！
389.389        1531756893.0    666666666666666
389.7          1531747395.0    2333333333
389.728        1531747174.0    233333
390.253        1531979203.0    阿珍爱上了阿强
391.457        1531752699.0    hahahah
391.573        1531850877.0    哈哈哈哈哈哈哈哈哈哈哈哈哈哈哈哈哈哈哈哈哈哈
391.961        1531914202.0    23333333333333
391.974        1531746657.0    2333333333
392.634        1531973543.0    场面一度十分尴尬
393.396        1531890709.0    .....
393.572        1531814882.0    五条人哈哈哈哈哈哈哈
394.188        1531843464.0    我把你当小弟，你却想上我
395.372        1531979909.0    孙一峰永远是我大哥！
398.049        1531878255.0    牙签仔....
398.994        1531890903.0    孙永大！！！
399.669        1531974416.0    ???????????????
399.765        1531988009.0    阿珍爱上阿强23333333333
400.362        1531747400.0    23333金针菇
401.473        1531756949.0    567好评！！！
402.157        1531895798.0    孙一峰永远是我大哥！
402.75         1531799472.0    自己都笑场了，哈哈哈哈
403.288        1531746141.0    痴线蜘蛛条蜘蛛丝痴住支树枝2333333333
403.484        1531797336.0    这段看了几百遍
404.096        1531901874.0    2333
404.238        1531896922.0    笑嗨死哈哈哈哈哈哈哈哈哈
404.455        1531916373.0    6666666666666666666666666666
404.714        1531754815.0    阿珍爱上了阿强~
405.6          1531760332.0    粤语绕口令，1蜘蛛。。。2各个。。
405.872        1531854393.0    各个国家有各个国家的国歌
406.245        1531822241.0    各个国家有各个国家的国歌
407.17         1531984464.0    666666
408.289        1531759191.0    自己都忍不住笑了
408.753        1531994716.0    太好笑
409.536        1531988580.0    花师奶
409.633        1531978855.0    笑场了23333333
410.303        1531971978.0    23333333
410.431        1531918085.0    23333333
410.483        1531846933.0    吴卓羲！
410.603        1531882595.0    哈哈哈哈
411.034        1531975613.0    哈哈哈哈哈哈
411.354        1531925024.0    港版的我们这一家花妈唱的哈哈哈哈哈哈哈哈哈
411.404        1531749076.0    23333
411.599        1531747489.0    23333333333333333333333333333333333333333333333333333333
411.774        1531792836.0    别怪她，别怪她，别再伤心对吧
412.132        1531753042.0    笑场
412.165        1531765998.0    花师奶~还可以
412.321        1531748866.0    笑场出戏
413.06         1531761546.0    花师奶哈哈哈哈哈
413.068        1531765767.0    哈哈哈笑死
413.216        1531887214.0    2333333333
413.225        1531894152.0    哈哈哈哈哈哈哈哈哈哈哈哈哈哈哈哈
413.656        1531845201.0    哈哈哈哈哈哈哈
414.8          1531796691.0    忽然结束
416.378        1531756717.0    更新啊扑街
417.171        1531880699.0    笑到扑街鸟
417.317        1531928771.0    有点像郭嘉峰把声
418.081        1531747230.0    你好短啊UP住~
418.3          1531747806.0    好短啊扑街
418.414        1531926580.0    2333333333333
418.593        1531755962.0    快啲更新啦扑街。
420.595        1531887221.0    233333333333333
421.414        1531814227.0    6666
421.613        1531749564.0    恩....7.20CM长
425.087        1531758604.0    放假啦老细，爆肝啦
425.52         1531974639.0    拉拉临整下集出来啦，唔该。
425.829        1531929629.0    翻跳！翻跳
426.541        1531899497.0    更新啦扑街！！！
426.593        1531893601.0    差评也要点吗(ಡωಡ)
426.914        1531841893.0    妖 咩时候配下刺客伍六七啊இwஇ
427.324        1531887228.0    2333333333333333
427.665        1531757107.0    666666666666
427.874        1531844851.0    更新啊！！！
428.082        1531969434.0    差评取关举报一气呵成
429.919        1531935615.0    更新啊扑街
431.366        1531746665.0    更新啊 扑街
431.52         1531944276.0    说的我好想点差评
432.003        1531837789.0    哦，记住点差评系咪
432.349        1531991966.0    我想问.....B站这么点差评？
433.492        1531929638.0    翻跳！翻跳！
434.929        1531918134.0    牙签甘短
434.971        1531896946.0    扑街仔，快更新啦23333
436.203        1531797042.0    爱你哈哈哈哈哈哈哈哈
436.424        1531745439.0    点硬啦
436.637        1531947839.0    哈哈哈哈哈哈哈哈哈
437.475        1531973053.0    更新啦，扑街
437.687        1531973887.0    更新啊，扑街
438.365        1531914766.0    点举报快点！
439.977        1531836680.0    更新啦，扑街仔
439.999        1531971399.0    更新啊 扑街
440.046        1531914315.0    明葛，就点个差评
